Alignment_name	No_of_taxa	Alignment_length	Total_matrix_cells	Undetermined_characters	Missing_percent	No_variable_sites	Proportion_variable_sites	Parsimony_informative_sites	Proportion_parsimony_informative	AT_content	GC_content	A	C	G	T	K	M	R	Y	S	W	B	V	H	D	X	N	O	-	?
supercontig.gene.aln	64	376948	24124672	14143753	58.628	308132	0.817	242338	0.643	0.62	0.38	2860967	1697271	2074941	3347740	0	0	0	0	0	0	0	0	0	0	0	0	0	5704952	8438801
6913_30.fasta	56	2000	112000	53206	47.505	1734	0.867	1481	0.741	0.629	0.371	17334	9790	12157	19513	0	0	0	0	0	0	0	0	0	0	0	0	0	53206	0
5910_30.fasta	47	1538	72286	18056	24.979	1050	0.683	800	0.52	0.548	0.452	14795	11005	13332	15098	0	0	0	0	0	0	0	0	0	0	0	0	0	18056	0
7194_30.fasta	16	945	15120	5424	35.873	647	0.685	394	0.417	0.604	0.396	2779	1775	2042	3100	0	0	0	0	0	0	0	0	0	0	0	0	0	5424	0
6496_30.fasta	26	1278	33228	14167	42.636	943	0.738	708	0.554	0.664	0.336	5457	3002	3401	7201	0	0	0	0	0	0	0	0	0	0	0	0	0	14167	0
6274_30.fasta	27	681	18387	4285	23.305	638	0.937	595	0.874	0.622	0.378	4435	2519	2794	4354	0	0	0	0	0	0	0	0	0	0	0	0	0	4285	0
6641_30.fasta	53	1574	83422	29784	35.703	1305	0.829	1055	0.67	0.633	0.367	16545	9559	10223	17311	0	0	0	0	0	0	0	0	0	0	0	0	0	29784	0
5642_30.fasta	6	782	4692	1355	28.879	542	0.693	127	0.162	0.651	0.349	941	596	570	1230	0	0	0	0	0	0	0	0	0	0	0	0	0	1355	0
4793_30.fasta	45	1596	71820	26939	37.509	1290	0.808	1029	0.645	0.606	0.394	11918	8538	9243	15182	0	0	0	0	0	0	0	0	0	0	0	0	0	26939	0
7602_30.fasta	34	618	21012	4214	20.055	469	0.759	384	0.621	0.603	0.397	4333	3315	3346	5804	0	0	0	0	0	0	0	0	0	0	0	0	0	4214	0
7135_30.fasta	44	1576	69344	30354	43.773	1377	0.874	1138	0.722	0.634	0.366	10568	6535	7715	14172	0	0	0	0	0	0	0	0	0	0	0	0	0	30354	0
4889_30.fasta	40	861	34440	9846	28.589	699	0.812	555	0.645	0.668	0.332	7491	3887	4298	8918	0	0	0	0	0	0	0	0	0	0	0	0	0	9846	0
5958_30.fasta	38	746	28348	6995	24.675	489	0.655	387	0.519	0.578	0.422	6315	4133	4855	6050	0	0	0	0	0	0	0	0	0	0	0	0	0	6995	0
5434_30.fasta	40	976	39040	7862	20.138	522	0.535	391	0.401	0.559	0.441	8491	6093	7610	8984	0	0	0	0	0	0	0	0	0	0	0	0	0	7862	0
6282_30.fasta	40	859	34360	8803	25.62	672	0.782	567	0.66	0.657	0.343	7617	3655	5066	9219	0	0	0	0	0	0	0	0	0	0	0	0	0	8803	0
5463_30.fasta	31	1305	40455	15191	37.55	1173	0.899	927	0.71	0.661	0.339	8056	3543	4958	8707	0	0	0	0	0	0	0	0	0	0	0	0	0	15191	0
6460_30.fasta	45	1073	48285	13224	27.387	891	0.83	689	0.642	0.583	0.417	9598	6447	8190	10826	0	0	0	0	0	0	0	0	0	0	0	0	0	13224	0
5354_30.fasta	14	783	10962	3328	30.359	737	0.941	574	0.733	0.653	0.347	2034	1343	1321	2936	0	0	0	0	0	0	0	0	0	0	0	0	0	3328	0
5968_30.fasta	9	919	8271	2365	28.594	739	0.804	418	0.455	0.654	0.346	1715	941	1099	2151	0	0	0	0	0	0	0	0	0	0	0	0	0	2365	0
5404_30.fasta	64	1967	125888	55447	44.045	1590	0.808	1195	0.608	0.636	0.364	19590	12822	12824	25205	0	0	0	0	0	0	0	0	0	0	0	0	0	55447	0
6407_30.fasta	35	915	32025	11749	36.687	763	0.834	590	0.645	0.635	0.365	5804	3260	4234	6978	0	0	0	0	0	0	0	0	0	0	0	0	0	11749	0
5333_30.fasta	59	2021	119239	42836	35.924	1189	0.588	819	0.405	0.575	0.425	21988	12770	19312	22333	0	0	0	0	0	0	0	0	0	0	0	0	0	42836	0
6636_30.fasta	17	836	14212	4829	33.978	659	0.788	481	0.575	0.614	0.386	2466	1548	2051	3318	0	0	0	0	0	0	0	0	0	0	0	0	0	4829	0
5200_30.fasta	38	1719	65322	29843	45.686	1583	0.921	1368	0.796	0.626	0.374	9798	5561	7715	12405	0	0	0	0	0	0	0	0	0	0	0	0	0	29843	0
5981_30.fasta	30	811	24330	8210	33.744	778	0.959	681	0.84	0.599	0.401	4577	2986	3470	5087	0	0	0	0	0	0	0	0	0	0	0	0	0	8210	0
6450_30.fasta	53	1578	83634	34377	41.104	1376	0.872	1071	0.679	0.614	0.386	13155	9409	9486	17207	0	0	0	0	0	0	0	0	0	0	0	0	0	34377	0
6933_30.fasta	49	1515	74235	29744	40.067	1214	0.801	882	0.582	0.646	0.354	11779	7649	8210	16853	0	0	0	0	0	0	0	0	0	0	0	0	0	29744	0
7363_30.fasta	53	900	47700	11353	23.801	739	0.821	672	0.747	0.621	0.379	9543	5794	7989	13021	0	0	0	0	0	0	0	0	0	0	0	0	0	11353	0
5977_30.fasta	23	1041	23943	10354	43.244	829	0.796	619	0.595	0.627	0.373	3963	2343	2692	4591	0	0	0	0	0	0	0	0	0	0	0	0	0	10354	0
7324_30.fasta	48	1341	64368	22067	34.283	997	0.743	725	0.541	0.613	0.387	12830	7627	8739	13105	0	0	0	0	0	0	0	0	0	0	0	0	0	22067	0
7029_30.fasta	43	1579	67897	30837	45.417	1451	0.919	1168	0.74	0.636	0.364	9829	6176	7316	13739	0	0	0	0	0	0	0	0	0	0	0	0	0	30837	0
6320_30.fasta	57	2630	149910	63583	42.414	2448	0.931	2101	0.799	0.625	0.375	25614	14287	18246	28180	0	0	0	0	0	0	0	0	0	0	0	0	0	63583	0
5716_30.fasta	43	2375	102125	52096	51.012	2033	0.856	1461	0.615	0.618	0.382	13643	8614	10529	17243	0	0	0	0	0	0	0	0	0	0	0	0	0	52096	0
6992_30.fasta	51	847	43197	14521	33.616	807	0.953	744	0.878	0.67	0.33	9140	4535	4849	10152	0	0	0	0	0	0	0	0	0	0	0	0	0	14521	0
6848_30.fasta	10	571	5710	979	17.145	441	0.772	281	0.492	0.632	0.368	1334	788	955	1654	0	0	0	0	0	0	0	0	0	0	0	0	0	979	0
7577_30.fasta	22	815	17930	6204	34.601	596	0.731	437	0.536	0.615	0.385	3525	2200	2305	3696	0	0	0	0	0	0	0	0	0	0	0	0	0	6204	0
5090_30.fasta	5	713	3565	872	24.46	367	0.515	97	0.136	0.605	0.395	672	501	573	947	0	0	0	0	0	0	0	0	0	0	0	0	0	872	0
5596_30.fasta	55	1919	105545	35111	33.266	1515	0.789	1183	0.616	0.591	0.409	18564	13387	15423	23060	0	0	0	0	0	0	0	0	0	0	0	0	0	35111	0
5599_30.fasta	54	2138	115452	46833	40.565	1969	0.921	1647	0.77	0.644	0.356	19575	11761	12706	24577	0	0	0	0	0	0	0	0	0	0	0	0	0	46833	0
6378_30.fasta	21	1190	24990	10240	40.976	1086	0.913	814	0.684	0.638	0.362	4363	2430	2945	5012	0	0	0	0	0	0	0	0	0	0	0	0	0	10240	0
6139_30.fasta	48	1251	60048	19685	32.782	1006	0.804	786	0.628	0.612	0.388	12032	7119	8513	12699	0	0	0	0	0	0	0	0	0	0	0	0	0	19685	0
6601_30.fasta	38	1114	42332	14596	34.48	771	0.692	545	0.489	0.635	0.365	7568	4693	5442	10033	0	0	0	0	0	0	0	0	0	0	0	0	0	14596	0
5950_30.fasta	37	1134	41958	15809	37.678	1078	0.951	990	0.873	0.63	0.37	7498	4795	4829	9027	0	0	0	0	0	0	0	0	0	0	0	0	0	15809	0
4954_30.fasta	61	1704	103944	31141	29.959	1496	0.878	1158	0.68	0.606	0.394	20637	10815	17345	24006	0	0	0	0	0	0	0	0	0	0	0	0	0	31141	0
5304_30.fasta	32	842	26944	7635	28.337	721	0.856	584	0.694	0.653	0.347	5436	3177	3517	7179	0	0	0	0	0	0	0	0	0	0	0	0	0	7635	0
6732_30.fasta	12	683	8196	1794	21.889	442	0.647	299	0.438	0.609	0.391	1878	1211	1281	2032	0	0	0	0	0	0	0	0	0	0	0	0	0	1794	0
5464_30.fasta	21	736	15456	4355	28.177	713	0.969	625	0.849	0.636	0.364	2975	1814	2208	4104	0	0	0	0	0	0	0	0	0	0	0	0	0	4355	0
5260_30.fasta	8	560	4480	1161	25.915	375	0.67	188	0.336	0.622	0.378	984	583	664	1088	0	0	0	0	0	0	0	0	0	0	0	0	0	1161	0
5162_30.fasta	57	1614	91998	28588	31.075	1092	0.677	856	0.53	0.597	0.403	19767	10691	14826	18126	0	0	0	0	0	0	0	0	0	0	0	0	0	28588	0
6318_30.fasta	49	1889	92561	41322	44.643	1417	0.75	1048	0.555	0.628	0.372	14891	8017	11073	17258	0	0	0	0	0	0	0	0	0	0	0	0	0	41322	0
5721_30.fasta	51	1355	69105	22914	33.158	1209	0.892	1021	0.754	0.625	0.375	13043	6174	11223	15751	0	0	0	0	0	0	0	0	0	0	0	0	0	22914	0
6420_30.fasta	46	1232	56672	22645	39.958	1064	0.864	915	0.743	0.609	0.391	8507	6342	6920	12258	0	0	0	0	0	0	0	0	0	0	0	0	0	22645	0
5940_30.fasta	51	843	42993	11257	26.183	552	0.655	454	0.539	0.622	0.378	7189	5496	6521	12530	0	0	0	0	0	0	0	0	0	0	0	0	0	11257	0
7313_30.fasta	42	1319	55398	19293	34.826	1030	0.781	766	0.581	0.572	0.428	9422	6594	8819	11270	0	0	0	0	0	0	0	0	0	0	0	0	0	19293	0
5299_30.fasta	43	1132	48676	16834	34.584	858	0.758	664	0.587	0.65	0.35	8344	5709	5438	12351	0	0	0	0	0	0	0	0	0	0	0	0	0	16834	0
5918_30.fasta	7	595	4165	1012	24.298	378	0.635	158	0.266	0.651	0.349	1013	506	590	1044	0	0	0	0	0	0	0	0	0	0	0	0	0	1012	0
5343_30.fasta	35	777	27195	6078	22.35	439	0.565	338	0.435	0.576	0.424	5599	3476	5461	6581	0	0	0	0	0	0	0	0	0	0	0	0	0	6078	0
6198_30.fasta	46	858	39468	10409	26.373	747	0.871	673	0.784	0.662	0.338	8400	4032	5774	10853	0	0	0	0	0	0	0	0	0	0	0	0	0	10409	0
6914_30.fasta	45	998	44910	16293	36.279	981	0.983	902	0.904	0.614	0.386	8265	5203	5794	9355	0	0	0	0	0	0	0	0	0	0	0	0	0	16293	0
6295_30.fasta	60	1186	71160	17191	24.158	761	0.642	614	0.518	0.576	0.424	15431	11140	11795	15603	0	0	0	0	0	0	0	0	0	0	0	0	0	17191	0
5296_30.fasta	28	1022	28616	10059	35.152	957	0.936	797	0.78	0.655	0.345	5352	2800	3527	6878	0	0	0	0	0	0	0	0	0	0	0	0	0	10059	0
6544_30.fasta	56	3315	185640	94525	50.918	2838	0.856	2183	0.659	0.61	0.39	26888	15698	20077	28452	0	0	0	0	0	0	0	0	0	0	0	0	0	94525	0
6649_30.fasta	31	684	21204	5423	25.575	650	0.95	606	0.886	0.648	0.352	4758	2523	3050	5450	0	0	0	0	0	0	0	0	0	0	0	0	0	5423	0
7021_30.fasta	53	1551	82203	30436	37.025	1443	0.93	1231	0.794	0.627	0.373	14448	9167	10157	17995	0	0	0	0	0	0	0	0	0	0	0	0	0	30436	0
4848_30.fasta	63	1878	118314	53223	44.985	1427	0.76	1144	0.609	0.584	0.416	18268	11320	15826	19677	0	0	0	0	0	0	0	0	0	0	0	0	0	53223	0
6119_30.fasta	63	3463	218169	67906	31.125	2564	0.74	1957	0.565	0.608	0.392	42548	26493	32221	49001	0	0	0	0	0	0	0	0	0	0	0	0	0	67906	0
6995_30.fasta	11	597	6567	1286	19.583	439	0.735	280	0.469	0.661	0.339	1422	940	852	2067	0	0	0	0	0	0	0	0	0	0	0	0	0	1286	0
5843_30.fasta	18	634	11412	2543	22.284	453	0.715	334	0.527	0.593	0.407	2309	1754	1856	2950	0	0	0	0	0	0	0	0	0	0	0	0	0	2543	0
4992_30.fasta	56	3306	185136	71052	38.378	2679	0.81	2115	0.64	0.625	0.375	32741	18711	24109	38523	0	0	0	0	0	0	0	0	0	0	0	0	0	71052	0
5578_30.fasta	19	650	12350	3083	24.964	535	0.823	412	0.634	0.625	0.375	2854	1599	1855	2959	0	0	0	0	0	0	0	0	0	0	0	0	0	3083	0
6679_30.fasta	42	1022	42924	13444	31.32	876	0.857	747	0.731	0.654	0.346	8247	5163	5080	10990	0	0	0	0	0	0	0	0	0	0	0	0	0	13444	0
6072_30.fasta	45	756	34020	7970	23.427	679	0.898	617	0.816	0.631	0.369	7717	3848	5793	8692	0	0	0	0	0	0	0	0	0	0	0	0	0	7970	0
6448_30.fasta	4	705	2820	484	17.163	478	0.678	93	0.132	0.657	0.343	612	420	377	927	0	0	0	0	0	0	0	0	0	0	0	0	0	484	0
6924_30.fasta	61	1277	77897	27405	35.181	1074	0.841	943	0.738	0.611	0.389	14621	8782	10876	16213	0	0	0	0	0	0	0	0	0	0	0	0	0	27405	0
6447_30.fasta	33	1195	39435	14301	36.265	1081	0.905	886	0.741	0.644	0.356	7967	4302	4629	8236	0	0	0	0	0	0	0	0	0	0	0	0	0	14301	0
5960_30.fasta	31	1230	38130	12699	33.304	868	0.706	645	0.524	0.607	0.393	6954	4303	5690	8484	0	0	0	0	0	0	0	0	0	0	0	0	0	12699	0
7333_30.fasta	45	877	39465	8653	21.926	592	0.675	455	0.519	0.472	0.528	8301	6801	9361	6349	0	0	0	0	0	0	0	0	0	0	0	0	0	8653	0
5853_30.fasta	50	1213	60650	17735	29.242	918	0.757	632	0.521	0.627	0.373	14398	6464	9437	12616	0	0	0	0	0	0	0	0	0	0	0	0	0	17735	0
6533_30.fasta	49	1855	90895	39661	43.634	1611	0.868	1367	0.737	0.623	0.377	15128	8555	10581	16970	0	0	0	0	0	0	0	0	0	0	0	0	0	39661	0
6631_30.fasta	12	674	8088	2705	33.445	538	0.798	311	0.461	0.605	0.395	1208	1093	1034	2048	0	0	0	0	0	0	0	0	0	0	0	0	0	2705	0
6389_30.fasta	51	1367	69717	22951	32.92	1109	0.811	775	0.567	0.623	0.377	12374	8292	9396	16704	0	0	0	0	0	0	0	0	0	0	0	0	0	22951	0
5454_30.fasta	55	2712	149160	52578	35.249	2356	0.869	1924	0.709	0.613	0.387	29949	13955	23084	29594	0	0	0	0	0	0	0	0	0	0	0	0	0	52578	0
6457_30.fasta	28	817	22876	6470	28.283	730	0.894	641	0.785	0.66	0.34	5248	2445	3115	5598	0	0	0	0	0	0	0	0	0	0	0	0	0	6470	0
6458_30.fasta	33	1060	34980	16841	48.145	1016	0.958	931	0.878	0.665	0.335	5312	2811	3279	6737	0	0	0	0	0	0	0	0	0	0	0	0	0	16841	0
5536_30.fasta	11	659	7249	1541	21.258	585	0.888	438	0.665	0.625	0.375	1651	1022	1119	1916	0	0	0	0	0	0	0	0	0	0	0	0	0	1541	0
5980_30.fasta	42	933	39186	13153	33.566	893	0.957	769	0.824	0.646	0.354	7858	4428	4802	8945	0	0	0	0	0	0	0	0	0	0	0	0	0	13153	0
5634_30.fasta	40	1701	68040	28325	41.63	1386	0.815	1041	0.612	0.627	0.373	9955	7178	7665	14917	0	0	0	0	0	0	0	0	0	0	0	0	0	28325	0
6406_30.fasta	37	1135	41995	18246	43.448	974	0.858	765	0.674	0.66	0.34	6843	4127	3947	8832	0	0	0	0	0	0	0	0	0	0	0	0	0	18246	0
6689_30.fasta	55	1392	76560	26877	35.106	1276	0.917	1082	0.777	0.643	0.357	13589	7406	10237	18451	0	0	0	0	0	0	0	0	0	0	0	0	0	26877	0
6366_30.fasta	24	828	19872	6076	30.576	533	0.644	342	0.413	0.63	0.37	3826	2306	2770	4894	0	0	0	0	0	0	0	0	0	0	0	0	0	6076	0
6064_30.fasta	17	995	16915	6345	37.511	721	0.725	438	0.44	0.636	0.364	3135	1708	2095	3632	0	0	0	0	0	0	0	0	0	0	0	0	0	6345	0
4806_30.fasta	43	1296	55728	22392	40.181	1101	0.85	832	0.642	0.631	0.369	10162	5346	6948	10880	0	0	0	0	0	0	0	0	0	0	0	0	0	22392	0
6660_30.fasta	41	1564	64124	25032	39.037	1270	0.812	942	0.602	0.629	0.371	11619	5823	8837	12813	0	0	0	0	0	0	0	0	0	0	0	0	0	25032	0
6110_30.fasta	56	890	49840	13706	27.5	775	0.871	702	0.789	0.596	0.404	11354	7352	7338	10090	0	0	0	0	0	0	0	0	0	0	0	0	0	13706	0
5990_30.fasta	13	777	10101	3001	29.71	664	0.855	417	0.537	0.652	0.348	2105	1150	1320	2525	0	0	0	0	0	0	0	0	0	0	0	0	0	3001	0
7028_30.fasta	53	926	49078	11992	24.435	807	0.871	762	0.823	0.655	0.345	11303	5356	7375	13052	0	0	0	0	0	0	0	0	0	0	0	0	0	11992	0
7325_30.fasta	12	866	10392	3085	29.686	496	0.573	293	0.338	0.583	0.417	2070	1632	1389	2216	0	0	0	0	0	0	0	0	0	0	0	0	0	3085	0
4691_30.fasta	21	755	15855	4610	29.076	559	0.74	453	0.6	0.613	0.387	3014	2030	2294	3907	0	0	0	0	0	0	0	0	0	0	0	0	0	4610	0
6379_30.fasta	13	871	11323	2775	24.508	605	0.695	342	0.393	0.61	0.39	2257	1761	1563	2967	0	0	0	0	0	0	0	0	0	0	0	0	0	2775	0
4744_30.fasta	6	616	3696	619	16.748	412	0.669	236	0.383	0.639	0.361	883	488	617	1089	0	0	0	0	0	0	0	0	0	0	0	0	0	619	0
6376_30.fasta	43	1085	46655	17185	36.834	875	0.806	685	0.631	0.628	0.372	8007	4815	6110	10538	0	0	0	0	0	0	0	0	0	0	0	0	0	17185	0
5921_30.fasta	58	3153	182874	73831	40.373	2808	0.891	2304	0.731	0.639	0.361	35820	16748	22577	33898	0	0	0	0	0	0	0	0	0	0	0	0	0	73831	0
7241_30.fasta	16	699	11184	3035	27.137	489	0.7	374	0.535	0.607	0.393	2341	1630	1571	2607	0	0	0	0	0	0	0	0	0	0	0	0	0	3035	0
6572_30.fasta	49	1968	96432	44347	45.988	1749	0.889	1367	0.695	0.647	0.353	15001	8700	9840	18544	0	0	0	0	0	0	0	0	0	0	0	0	0	44347	0
6148_30.fasta	39	768	29952	7197	24.028	647	0.842	592	0.771	0.62	0.38	6736	4010	4602	7407	0	0	0	0	0	0	0	0	0	0	0	0	0	7197	0
5949_30.fasta	40	1421	56840	25341	44.583	1226	0.863	1019	0.717	0.624	0.376	9123	5581	6219	10576	0	0	0	0	0	0	0	0	0	0	0	0	0	25341	0
5893_30.fasta	17	1056	17952	7277	40.536	806	0.763	493	0.467	0.561	0.439	2854	2847	1826	3148	0	0	0	0	0	0	0	0	0	0	0	0	0	7277	0
4942_30.fasta	42	1151	48342	20914	43.263	1074	0.933	898	0.78	0.615	0.385	7416	5264	5251	9497	0	0	0	0	0	0	0	0	0	0	0	0	0	20914	0
5123_30.fasta	46	1239	56994	23245	40.785	1117	0.902	1029	0.831	0.634	0.366	9464	5852	6423	12010	0	0	0	0	0	0	0	0	0	0	0	0	0	23245	0
6498_30.fasta	16	745	11920	3403	28.549	477	0.64	377	0.506	0.583	0.417	2258	1821	1730	2708	0	0	0	0	0	0	0	0	0	0	0	0	0	3403	0
5822_30.fasta	39	1119	43641	18042	41.342	836	0.747	655	0.585	0.605	0.395	7843	4602	5605	7549	0	0	0	0	0	0	0	0	0	0	0	0	0	18042	0
5770_30.fasta	34	1512	51408	25413	49.434	1310	0.866	966	0.639	0.635	0.365	8605	4040	5502	7848	0	0	0	0	0	0	0	0	0	0	0	0	0	25413	0
6439_30.fasta	55	1237	68035	25857	38.005	1100	0.889	954	0.771	0.638	0.362	12631	6996	8201	14350	0	0	0	0	0	0	0	0	0	0	0	0	0	25857	0
6003_30.fasta	33	754	24882	6143	24.689	569	0.755	508	0.674	0.627	0.373	5495	3281	3664	6299	0	0	0	0	0	0	0	0	0	0	0	0	0	6143	0
5865_30.fasta	52	1990	103480	41206	39.82	1757	0.883	1485	0.746	0.635	0.365	19373	9987	12702	20212	0	0	0	0	0	0	0	0	0	0	0	0	0	41206	0
6130_30.fasta	26	955	24830	7241	29.162	641	0.671	487	0.51	0.612	0.388	4391	3286	3523	6389	0	0	0	0	0	0	0	0	0	0	0	0	0	7241	0
6487_30.fasta	45	2346	105570	41103	38.934	1932	0.824	1410	0.601	0.544	0.456	17365	13052	16189	17861	0	0	0	0	0	0	0	0	0	0	0	0	0	41103	0
5551_30.fasta	43	1207	51901	22843	44.013	1145	0.949	986	0.817	0.651	0.349	8360	4579	5535	10584	0	0	0	0	0	0	0	0	0	0	0	0	0	22843	0
6552_30.fasta	42	1743	73206	33837	46.222	1540	0.884	1260	0.723	0.64	0.36	11014	7022	7140	14193	0	0	0	0	0	0	0	0	0	0	0	0	0	33837	0
6785_30.fasta	16	820	13120	4493	34.245	770	0.939	640	0.78	0.649	0.351	2558	1240	1767	3062	0	0	0	0	0	0	0	0	0	0	0	0	0	4493	0
6488_30.fasta	40	1084	43360	14791	34.112	957	0.883	838	0.773	0.652	0.348	8190	4637	5286	10456	0	0	0	0	0	0	0	0	0	0	0	0	0	14791	0
5355_30.fasta	49	639	31311	5187	16.566	490	0.767	444	0.695	0.609	0.391	8278	3947	6212	7687	0	0	0	0	0	0	0	0	0	0	0	0	0	5187	0
5280_30.fasta	53	1010	53530	15822	29.557	843	0.835	758	0.75	0.608	0.392	10544	7144	7651	12369	0	0	0	0	0	0	0	0	0	0	0	0	0	15822	0
5842_30.fasta	46	1289	59294	26073	43.972	1162	0.901	920	0.714	0.628	0.372	9549	5642	6595	11435	0	0	0	0	0	0	0	0	0	0	0	0	0	26073	0
6713_30.fasta	9	635	5715	1701	29.764	470	0.74	287	0.452	0.658	0.342	1081	651	724	1558	0	0	0	0	0	0	0	0	0	0	0	0	0	1701	0
5926_30.fasta	33	988	32604	9001	27.607	612	0.619	470	0.476	0.625	0.375	6493	4131	4737	8242	0	0	0	0	0	0	0	0	0	0	0	0	0	9001	0
6449_30.fasta	9	532	4788	1103	23.037	251	0.472	73	0.137	0.663	0.337	1168	551	694	1272	0	0	0	0	0	0	0	0	0	0	0	0	0	1103	0
5815_30.fasta	25	754	18850	6621	35.125	662	0.878	523	0.694	0.608	0.392	3284	2341	2400	4204	0	0	0	0	0	0	0	0	0	0	0	0	0	6621	0
6398_30.fasta	25	688	17200	5448	31.674	613	0.891	484	0.703	0.65	0.35	3491	1779	2320	4162	0	0	0	0	0	0	0	0	0	0	0	0	0	5448	0
5104_30.fasta	46	973	44758	16504	36.874	833	0.856	686	0.705	0.636	0.364	7907	5514	4796	10037	0	0	0	0	0	0	0	0	0	0	0	0	0	16504	0
5206_30.fasta	37	954	35298	12066	34.183	825	0.865	727	0.762	0.633	0.367	7246	3693	4802	7491	0	0	0	0	0	0	0	0	0	0	0	0	0	12066	0
5531_30.fasta	32	853	27296	8033	29.429	670	0.785	451	0.529	0.663	0.337	6018	2891	3573	6781	0	0	0	0	0	0	0	0	0	0	0	0	0	8033	0
6962_30.fasta	54	1219	65826	25857	39.281	1115	0.915	950	0.779	0.657	0.343	11720	5995	7651	14603	0	0	0	0	0	0	0	0	0	0	0	0	0	25857	0
6401_30.fasta	30	786	23580	6058	25.691	494	0.628	366	0.466	0.598	0.402	5020	3112	3945	5445	0	0	0	0	0	0	0	0	0	0	0	0	0	6058	0
5038_30.fasta	43	947	40721	13638	33.491	864	0.912	762	0.805	0.649	0.351	7439	4409	5083	10152	0	0	0	0	0	0	0	0	0	0	0	0	0	13638	0
5335_30.fasta	35	1528	53480	25357	47.414	1311	0.858	927	0.607	0.653	0.347	7650	4385	5336	10752	0	0	0	0	0	0	0	0	0	0	0	0	0	25357	0
7067_30.fasta	48	801	38448	9382	24.402	659	0.823	535	0.668	0.635	0.365	8383	4448	6158	10077	0	0	0	0	0	0	0	0	0	0	0	0	0	9382	0
6459_30.fasta	53	745	39485	10533	26.676	650	0.872	613	0.823	0.638	0.362	7859	4778	5686	10629	0	0	0	0	0	0	0	0	0	0	0	0	0	10533	0
5936_30.fasta	34	908	30872	10383	33.632	662	0.729	527	0.58	0.645	0.355	5822	3173	4109	7385	0	0	0	0	0	0	0	0	0	0	0	0	0	10383	0
4932_30.fasta	51	1481	75531	23442	31.036	1191	0.804	939	0.634	0.632	0.368	15215	8152	10890	17832	0	0	0	0	0	0	0	0	0	0	0	0	0	23442	0
6150_30.fasta	32	915	29280	9802	33.477	738	0.807	595	0.65	0.632	0.368	5767	3323	3829	6559	0	0	0	0	0	0	0	0	0	0	0	0	0	9802	0
5664_30.fasta	64	2361	151104	57087	37.78	2138	0.906	1828	0.774	0.648	0.352	28352	13032	20000	32633	0	0	0	0	0	0	0	0	0	0	0	0	0	57087	0
6667_30.fasta	52	2034	105768	41429	39.17	1833	0.901	1473	0.724	0.636	0.364	19223	10814	12535	21767	0	0	0	0	0	0	0	0	0	0	0	0	0	41429	0
6387_30.fasta	43	1055	45365	14063	31.0	599	0.568	467	0.443	0.578	0.422	7570	5928	7299	10505	0	0	0	0	0	0	0	0	0	0	0	0	0	14063	0
6004_30.fasta	57	941	53637	14913	27.804	710	0.755	601	0.639	0.595	0.405	10664	6181	9465	12414	0	0	0	0	0	0	0	0	0	0	0	0	0	14913	0
6782_30.fasta	41	1219	49979	16772	33.558	1001	0.821	791	0.649	0.631	0.369	9525	5072	7171	11439	0	0	0	0	0	0	0	0	0	0	0	0	0	16772	0
5163_30.fasta	52	1546	80392	32801	40.801	1484	0.96	1371	0.887	0.648	0.352	14441	7787	8945	16418	0	0	0	0	0	0	0	0	0	0	0	0	0	32801	0
6284_30.fasta	48	1558	74784	27440	36.692	1294	0.831	923	0.592	0.577	0.423	10320	9526	10434	17064	0	0	0	0	0	0	0	0	0	0	0	0	0	27440	0
4890_30.fasta	49	1207	59143	20840	35.237	1088	0.901	857	0.71	0.634	0.366	10554	6231	7797	13721	0	0	0	0	0	0	0	0	0	0	0	0	0	20840	0
5941_30.fasta	13	756	9828	2656	27.025	713	0.943	536	0.709	0.62	0.38	2076	1253	1474	2369	0	0	0	0	0	0	0	0	0	0	0	0	0	2656	0
5894_30.fasta	29	709	20561	4883	23.749	618	0.872	560	0.79	0.671	0.329	4757	2464	2690	5767	0	0	0	0	0	0	0	0	0	0	0	0	0	4883	0
5018_30.fasta	50	1618	80900	39767	49.156	1346	0.832	931	0.575	0.628	0.372	11475	6970	8286	14402	0	0	0	0	0	0	0	0	0	0	0	0	0	39767	0
5422_30.fasta	33	871	28743	9045	31.469	717	0.823	582	0.668	0.639	0.361	5747	3096	3913	6942	0	0	0	0	0	0	0	0	0	0	0	0	0	9045	0
4724_30.fasta	43	1306	56158	25648	45.671	1133	0.868	905	0.693	0.646	0.354	9114	5095	5660	10641	0	0	0	0	0	0	0	0	0	0	0	0	0	25648	0
5644_30.fasta	42	1300	54600	22733	41.636	1095	0.842	793	0.61	0.623	0.377	8559	5850	6209	11249	0	0	0	0	0	0	0	0	0	0	0	0	0	22733	0
7174_30.fasta	49	2044	100156	47045	46.972	1585	0.775	1088	0.532	0.606	0.394	15156	8976	11898	17081	0	0	0	0	0	0	0	0	0	0	0	0	0	47045	0
6792_30.fasta	44	1273	56012	21616	38.592	1090	0.856	859	0.675	0.642	0.358	9267	5951	6399	12779	0	0	0	0	0	0	0	0	0	0	0	0	0	21616	0
5791_30.fasta	35	874	30590	10772	35.214	817	0.935	715	0.818	0.654	0.346	6070	3298	3523	6927	0	0	0	0	0	0	0	0	0	0	0	0	0	10772	0
7279_30.fasta	46	1850	85100	42373	49.792	1582	0.855	1234	0.667	0.637	0.363	12892	6993	8427	14415	0	0	0	0	0	0	0	0	0	0	0	0	0	42373	0
4471_30.fasta	57	1844	105108	39168	37.265	1597	0.866	1318	0.715	0.658	0.342	18067	10697	11835	25341	0	0	0	0	0	0	0	0	0	0	0	0	0	39168	0
5919_30.fasta	44	790	34760	7634	21.962	531	0.672	397	0.503	0.576	0.424	8162	4644	6831	7489	0	0	0	0	0	0	0	0	0	0	0	0	0	7634	0
6559_30.fasta	47	777	36519	7250	19.853	562	0.723	417	0.537	0.609	0.391	8434	4964	6443	9428	0	0	0	0	0	0	0	0	0	0	0	0	0	7250	0
6483_30.fasta	46	1390	63940	25894	40.497	1300	0.935	1156	0.832	0.645	0.355	11048	6623	6782	13593	0	0	0	0	0	0	0	0	0	0	0	0	0	25894	0
5469_30.fasta	35	863	30205	10081	33.375	668	0.774	453	0.525	0.622	0.378	5423	3471	4157	7073	0	0	0	0	0	0	0	0	0	0	0	0	0	10081	0
6050_30.fasta	42	1146	48132	18182	37.775	988	0.862	812	0.709	0.652	0.348	9653	4654	5794	9849	0	0	0	0	0	0	0	0	0	0	0	0	0	18182	0
6909_30.fasta	47	1719	80793	36211	44.819	1508	0.877	1245	0.724	0.641	0.359	13073	7391	8631	15487	0	0	0	0	0	0	0	0	0	0	0	0	0	36211	0
5733_30.fasta	12	593	7116	1894	26.616	510	0.86	365	0.616	0.641	0.359	1370	843	1029	1980	0	0	0	0	0	0	0	0	0	0	0	0	0	1894	0
6432_30.fasta	21	1024	21504	6488	30.171	711	0.694	440	0.43	0.621	0.379	4106	2865	2826	5219	0	0	0	0	0	0	0	0	0	0	0	0	0	6488	0
5138_30.fasta	24	1198	28752	11757	40.891	805	0.672	590	0.492	0.625	0.375	4906	3194	3146	5749	0	0	0	0	0	0	0	0	0	0	0	0	0	11757	0
5502_30.fasta	50	1490	74500	28265	37.94	1208	0.811	952	0.639	0.629	0.371	13216	7932	9166	15921	0	0	0	0	0	0	0	0	0	0	0	0	0	28265	0
6825_30.fasta	39	815	31785	7920	24.917	623	0.764	478	0.587	0.635	0.365	7164	3469	5257	7975	0	0	0	0	0	0	0	0	0	0	0	0	0	7920	0
4796_30.fasta	40	1062	42480	15606	36.737	1016	0.957	930	0.876	0.621	0.379	7101	4823	5355	9595	0	0	0	0	0	0	0	0	0	0	0	0	0	15606	0
6791_30.fasta	15	699	10485	2461	23.472	494	0.707	320	0.458	0.638	0.362	2313	1334	1568	2809	0	0	0	0	0	0	0	0	0	0	0	0	0	2461	0
6298_30.fasta	51	1056	53856	17521	32.533	958	0.907	797	0.755	0.634	0.366	10335	6454	6852	12694	0	0	0	0	0	0	0	0	0	0	0	0	0	17521	0
5942_30.fasta	43	831	35733	6909	19.335	612	0.736	504	0.606	0.57	0.43	7702	4424	7966	8732	0	0	0	0	0	0	0	0	0	0	0	0	0	6909	0
4893_30.fasta	36	1535	55260	21349	38.634	1285	0.837	993	0.647	0.645	0.355	10693	5338	6673	11207	0	0	0	0	0	0	0	0	0	0	0	0	0	21349	0
5421_30.fasta	56	2388	133728	50532	37.787	2199	0.921	1783	0.747	0.648	0.352	23141	13265	15769	31021	0	0	0	0	0	0	0	0	0	0	0	0	0	50532	0
7013_30.fasta	9	743	6687	2436	36.429	419	0.564	153	0.206	0.658	0.342	1278	754	684	1535	0	0	0	0	0	0	0	0	0	0	0	0	0	2436	0
6226_30.fasta	52	1184	61568	22746	36.945	1139	0.962	1029	0.869	0.647	0.353	11237	5748	7953	13884	0	0	0	0	0	0	0	0	0	0	0	0	0	22746	0
5744_30.fasta	36	798	28728	8151	28.373	695	0.871	564	0.707	0.617	0.383	5903	3712	4199	6763	0	0	0	0	0	0	0	0	0	0	0	0	0	8151	0
5449_30.fasta	55	2305	126775	40925	32.282	1953	0.847	1568	0.68	0.596	0.404	24461	16008	18818	26563	0	0	0	0	0	0	0	0	0	0	0	0	0	40925	0
7572_30.fasta	34	951	32334	10929	33.8	770	0.81	587	0.617	0.602	0.398	6054	4275	4319	6757	0	0	0	0	0	0	0	0	0	0	0	0	0	10929	0
5398_30.fasta	60	2828	169680	63855	37.633	2564	0.907	2044	0.723	0.642	0.358	31225	18793	19100	36707	0	0	0	0	0	0	0	0	0	0	0	0	0	63855	0
5841_30.fasta	28	1070	29960	14321	47.8	1011	0.945	858	0.802	0.629	0.371	4487	2866	2930	5356	0	0	0	0	0	0	0	0	0	0	0	0	0	14321	0
7628_30.fasta	34	925	31450	8901	28.302	705	0.762	566	0.612	0.618	0.382	7263	3017	5562	6707	0	0	0	0	0	0	0	0	0	0	0	0	0	8901	0
6216_30.fasta	34	1304	44336	20137	45.419	972	0.745	777	0.596	0.623	0.377	6928	4360	4691	8220	0	0	0	0	0	0	0	0	0	0	0	0	0	20137	0
5620_30.fasta	53	1273	67469	17239	25.551	819	0.643	594	0.467	0.573	0.427	15108	7391	14136	13595	0	0	0	0	0	0	0	0	0	0	0	0	0	17239	0
6412_30.fasta	24	809	19416	5568	28.677	751	0.928	688	0.85	0.601	0.399	3908	2820	2717	4403	0	0	0	0	0	0	0	0	0	0	0	0	0	5568	0
5326_30.fasta	53	1673	88669	23200	26.165	1196	0.715	782	0.467	0.556	0.444	17383	12373	16630	19083	0	0	0	0	0	0	0	0	0	0	0	0	0	23200	0
4802_30.fasta	54	1862	100548	36674	36.474	1601	0.86	1322	0.71	0.641	0.359	19113	8823	13921	22017	0	0	0	0	0	0	0	0	0	0	0	0	0	36674	0
6384_30.fasta	27	1027	27729	10866	39.186	799	0.778	647	0.63	0.625	0.375	4728	3118	3188	5829	0	0	0	0	0	0	0	0	0	0	0	0	0	10866	0
6531_30.fasta	17	1128	19176	6082	31.717	787	0.698	577	0.512	0.646	0.354	3786	2055	2598	4655	0	0	0	0	0	0	0	0	0	0	0	0	0	6082	0
5034_30.fasta	14	1159	16226	6250	38.518	769	0.664	441	0.381	0.598	0.402	2668	1891	2098	3319	0	0	0	0	0	0	0	0	0	0	0	0	0	6250	0
5703_30.fasta	42	1218	51156	24097	47.105	943	0.774	715	0.587	0.642	0.358	7130	4731	4985	10213	0	0	0	0	0	0	0	0	0	0	0	0	0	24097	0
5339_30.fasta	18	1140	20520	8343	40.658	989	0.868	671	0.589	0.64	0.36	3524	1962	2372	4319	0	0	0	0	0	0	0	0	0	0	0	0	0	8343	0
6961_30.fasta	26	970	25220	10192	40.412	773	0.797	457	0.471	0.623	0.377	4512	2321	3317	4878	0	0	0	0	0	0	0	0	0	0	0	0	0	10192	0
7331_30.fasta	44	1285	56540	21088	37.297	1228	0.956	1128	0.878	0.652	0.348	10412	5706	6599	12735	0	0	0	0	0	0	0	0	0	0	0	0	0	21088	0
5177_30.fasta	50	1258	62900	19982	31.768	985	0.783	754	0.599	0.571	0.429	10768	8337	10144	13669	0	0	0	0	0	0	0	0	0	0	0	0	0	19982	0
5821_30.fasta	38	867	32946	11091	33.664	677	0.781	559	0.645	0.637	0.363	6505	3573	4326	7451	0	0	0	0	0	0	0	0	0	0	0	0	0	11091	0
6494_30.fasta	54	1923	103842	46958	45.221	1481	0.77	1167	0.607	0.617	0.383	15852	10364	11478	19190	0	0	0	0	0	0	0	0	0	0	0	0	0	46958	0
5945_30.fasta	32	1511	48352	20730	42.873	1212	0.802	879	0.582	0.615	0.385	7506	5014	5660	9442	0	0	0	0	0	0	0	0	0	0	0	0	0	20730	0
5426_30.fasta	63	2559	161217	40546	25.15	2014	0.787	1509	0.59	0.604	0.396	33563	21727	25910	39471	0	0	0	0	0	0	0	0	0	0	0	0	0	40546	0
6893_30.fasta	12	580	6960	1799	25.848	439	0.757	306	0.528	0.627	0.373	1556	965	956	1684	0	0	0	0	0	0	0	0	0	0	0	0	0	1799	0
6221_30.fasta	13	743	9659	2501	25.893	246	0.331	138	0.186	0.584	0.416	2122	1495	1487	2054	0	0	0	0	0	0	0	0	0	0	0	0	0	2501	0
7128_30.fasta	36	2275	81900	40327	49.239	1815	0.798	1366	0.6	0.642	0.358	12584	6845	8122	14022	0	0	0	0	0	0	0	0	0	0	0	0	0	40327	0
5168_30.fasta	35	1283	44905	18650	41.532	996	0.776	764	0.595	0.626	0.374	7107	4431	5410	9307	0	0	0	0	0	0	0	0	0	0	0	0	0	18650	0
6164_30.fasta	25	689	17225	4506	26.16	655	0.951	592	0.859	0.585	0.415	3331	2633	2613	4142	0	0	0	0	0	0	0	0	0	0	0	0	0	4506	0
6462_30.fasta	53	1386	73458	27309	37.176	1219	0.88	1014	0.732	0.629	0.371	13584	7509	9596	15460	0	0	0	0	0	0	0	0	0	0	0	0	0	27309	0
6738_30.fasta	19	688	13072	3465	26.507	522	0.759	393	0.571	0.608	0.392	2843	1580	2188	2996	0	0	0	0	0	0	0	0	0	0	0	0	0	3465	0
6883_30.fasta	48	1146	55008	18478	33.591	881	0.769	757	0.661	0.617	0.383	10918	5766	8188	11658	0	0	0	0	0	0	0	0	0	0	0	0	0	18478	0
4951_30.fasta	27	880	23760	7192	30.269	561	0.637	478	0.543	0.565	0.435	4550	3517	3724	4777	0	0	0	0	0	0	0	0	0	0	0	0	0	7192	0
6000_30.fasta	40	1034	41360	11580	27.998	813	0.786	708	0.685	0.636	0.364	8265	4729	6100	10686	0	0	0	0	0	0	0	0	0	0	0	0	0	11580	0
5866_30.fasta	44	1109	48796	14686	30.097	925	0.834	713	0.643	0.662	0.338	9460	4892	6645	13113	0	0	0	0	0	0	0	0	0	0	0	0	0	14686	0
6865_30.fasta	43	1093	46999	19449	41.382	1068	0.977	989	0.905	0.646	0.354	8024	4283	5419	9824	0	0	0	0	0	0	0	0	0	0	0	0	0	19449	0
6506_30.fasta	37	1303	48211	20783	43.108	1085	0.833	832	0.639	0.633	0.367	7889	4558	5462	9519	0	0	0	0	0	0	0	0	0	0	0	0	0	20783	0
7361_30.fasta	5	711	3555	632	17.778	427	0.601	240	0.338	0.656	0.344	862	461	544	1056	0	0	0	0	0	0	0	0	0	0	0	0	0	632	0
7583_30.fasta	28	863	24164	5393	22.318	484	0.561	278	0.322	0.569	0.431	4608	3476	4619	6068	0	0	0	0	0	0	0	0	0	0	0	0	0	5393	0
6068_30.fasta	31	874	27094	7357	27.154	692	0.792	540	0.618	0.637	0.363	5939	3701	3452	6645	0	0	0	0	0	0	0	0	0	0	0	0	0	7357	0
5366_30.fasta	43	1616	69488	28097	40.434	1443	0.893	1211	0.749	0.634	0.366	11848	6954	8178	14411	0	0	0	0	0	0	0	0	0	0	0	0	0	28097	0
4757_30.fasta	45	855	38475	9308	24.192	691	0.808	617	0.722	0.622	0.378	7972	4728	6299	10168	0	0	0	0	0	0	0	0	0	0	0	0	0	9308	0
6685_30.fasta	46	1362	62652	29030	46.335	1210	0.888	981	0.72	0.651	0.349	9380	5727	5975	12540	0	0	0	0	0	0	0	0	0	0	0	0	0	29030	0
5064_30.fasta	4	540	2160	319	14.769	262	0.485	31	0.057	0.636	0.364	545	345	324	627	0	0	0	0	0	0	0	0	0	0	0	0	0	319	0
5562_30.fasta	34	708	24072	6747	28.028	702	0.992	672	0.949	0.634	0.366	4784	2796	3517	6228	0	0	0	0	0	0	0	0	0	0	0	0	0	6747	0
6383_30.fasta	44	1858	81752	39004	47.71	1389	0.748	922	0.496	0.651	0.349	12740	6074	8946	14988	0	0	0	0	0	0	0	0	0	0	0	0	0	39004	0
5660_30.fasta	45	896	40320	9354	23.199	442	0.493	276	0.308	0.542	0.458	8675	7992	6185	8114	0	0	0	0	0	0	0	0	0	0	0	0	0	9354	0
5859_30.fasta	12	814	9768	3445	35.268	420	0.516	184	0.226	0.471	0.529	1408	1595	1742	1578	0	0	0	0	0	0	0	0	0	0	0	0	0	3445	0
7336_30.fasta	47	692	32524	6521	20.05	461	0.666	372	0.538	0.517	0.483	6668	5218	7278	6839	0	0	0	0	0	0	0	0	0	0	0	0	0	6521	0
6405_30.fasta	42	1190	49980	23072	46.162	1155	0.971	1048	0.881	0.626	0.374	8138	4839	5242	8689	0	0	0	0	0	0	0	0	0	0	0	0	0	23072	0
5406_30.fasta	60	2782	166920	64745	38.788	2382	0.856	2028	0.729	0.634	0.366	27042	16562	20782	37789	0	0	0	0	0	0	0	0	0	0	0	0	0	64745	0
7371_30.fasta	33	971	32043	12319	38.445	853	0.878	710	0.731	0.652	0.348	6417	3341	3481	6485	0	0	0	0	0	0	0	0	0	0	0	0	0	12319	0
5922_30.fasta	49	2134	104566	46512	44.481	2104	0.986	1920	0.9	0.632	0.368	16755	9634	11550	20115	0	0	0	0	0	0	0	0	0	0	0	0	0	46512	0
5699_30.fasta	33	1078	35574	14431	40.566	957	0.888	821	0.762	0.675	0.325	6346	3079	3782	7936	0	0	0	0	0	0	0	0	0	0	0	0	0	14431	0
5594_30.fasta	57	1132	64524	14574	22.587	821	0.725	698	0.617	0.584	0.416	15003	7979	12775	14193	0	0	0	0	0	0	0	0	0	0	0	0	0	14574	0
5670_30.fasta	24	1156	27744	10033	36.163	1037	0.897	828	0.716	0.617	0.383	5146	2989	3835	5741	0	0	0	0	0	0	0	0	0	0	0	0	0	10033	0
6393_30.fasta	53	892	47276	13655	28.884	803	0.9	683	0.766	0.641	0.359	10053	6166	5927	11475	0	0	0	0	0	0	0	0	0	0	0	0	0	13655	0
5849_30.fasta	29	591	17139	4710	27.481	548	0.927	513	0.868	0.641	0.359	3636	1953	2466	4374	0	0	0	0	0	0	0	0	0	0	0	0	0	4710	0
6526_30.fasta	10	678	6780	1621	23.909	529	0.78	358	0.528	0.658	0.342	1580	873	888	1818	0	0	0	0	0	0	0	0	0	0	0	0	0	1621	0
6717_30.fasta	62	2824	175088	52135	29.776	2204	0.78	1865	0.66	0.577	0.423	34893	19312	32138	36610	0	0	0	0	0	0	0	0	0	0	0	0	0	52135	0
6979_30.fasta	48	1219	58512	12541	21.433	896	0.735	608	0.499	0.591	0.409	14189	7830	10985	12967	0	0	0	0	0	0	0	0	0	0	0	0	0	12541	0
6098_30.fasta	44	1834	80696	37596	46.59	1606	0.876	1302	0.71	0.617	0.383	11829	7800	8690	14781	0	0	0	0	0	0	0	0	0	0	0	0	0	37596	0
6746_30.fasta	31	727	22537	6114	27.129	665	0.915	576	0.792	0.67	0.33	4673	2438	3002	6310	0	0	0	0	0	0	0	0	0	0	0	0	0	6114	0
6373_30.fasta	49	1499	73451	27025	36.793	1287	0.859	998	0.666	0.623	0.377	14249	7041	10445	14691	0	0	0	0	0	0	0	0	0	0	0	0	0	27025	0
6026_30.fasta	35	1519	53165	24969	46.965	1214	0.799	886	0.583	0.623	0.377	8062	4933	5567	9634	0	0	0	0	0	0	0	0	0	0	0	0	0	24969	0
6029_30.fasta	27	838	22626	7872	34.792	750	0.895	555	0.662	0.656	0.344	4202	2324	2792	5436	0	0	0	0	0	0	0	0	0	0	0	0	0	7872	0
5116_30.fasta	58	2080	120640	45407	37.638	1884	0.906	1578	0.759	0.622	0.378	20696	12633	15911	25993	0	0	0	0	0	0	0	0	0	0	0	0	0	45407	0
7111_30.fasta	53	825	43725	11832	27.06	715	0.867	650	0.788	0.637	0.363	9192	5296	6274	11131	0	0	0	0	0	0	0	0	0	0	0	0	0	11832	0
5840_30.fasta	44	1432	63008	23721	37.648	1056	0.737	735	0.513	0.632	0.368	11855	7092	7458	12882	0	0	0	0	0	0	0	0	0	0	0	0	0	23721	0
4527_30.fasta	56	1452	81312	25067	30.828	1134	0.781	942	0.649	0.577	0.423	15467	10081	13653	17044	0	0	0	0	0	0	0	0	0	0	0	0	0	25067	0
6454_30.fasta	52	1615	83980	33679	40.104	1544	0.956	1395	0.864	0.661	0.339	14978	8250	8842	18231	0	0	0	0	0	0	0	0	0	0	0	0	0	33679	0
6363_30.fasta	47	1400	65800	27855	42.333	1333	0.952	1132	0.809	0.634	0.366	11082	6308	7511	13044	0	0	0	0	0	0	0	0	0	0	0	0	0	27855	0
7367_30.fasta	30	846	25380	7307	28.79	662	0.783	539	0.637	0.624	0.376	5752	2883	3911	5527	0	0	0	0	0	0	0	0	0	0	0	0	0	7307	0
5702_30.fasta	49	2053	100597	35494	35.283	1676	0.816	1255	0.611	0.632	0.368	19715	10472	13482	21434	0	0	0	0	0	0	0	0	0	0	0	0	0	35494	0
5188_30.fasta	55	1214	66770	19870	29.759	1028	0.847	913	0.752	0.639	0.361	13752	7499	9474	16175	0	0	0	0	0	0	0	0	0	0	0	0	0	19870	0
6051_30.fasta	55	2044	112420	26295	23.39	1689	0.826	1438	0.704	0.569	0.431	23645	16016	20964	25500	0	0	0	0	0	0	0	0	0	0	0	0	0	26295	0
5554_30.fasta	48	1995	95760	42380	44.256	1768	0.886	1434	0.719	0.625	0.375	17185	8840	11157	16198	0	0	0	0	0	0	0	0	0	0	0	0	0	42380	0
6557_30.fasta	4	836	3344	433	12.949	460	0.55	74	0.089	0.663	0.337	780	525	455	1151	0	0	0	0	0	0	0	0	0	0	0	0	0	433	0
5656_30.fasta	15	701	10515	2672	25.411	604	0.862	448	0.639	0.669	0.331	2382	1195	1391	2875	0	0	0	0	0	0	0	0	0	0	0	0	0	2672	0
6780_30.fasta	32	1048	33536	12104	36.093	831	0.793	636	0.607	0.641	0.359	6229	3442	4232	7529	0	0	0	0	0	0	0	0	0	0	0	0	0	12104	0
6500_30.fasta	54	2381	128574	44245	34.412	1853	0.778	1500	0.63	0.598	0.402	24385	14988	18809	26147	0	0	0	0	0	0	0	0	0	0	0	0	0	44245	0
6238_30.fasta	56	1359	76104	25808	33.911	1140	0.839	967	0.712	0.59	0.41	13755	9491	10915	16135	0	0	0	0	0	0	0	0	0	0	0	0	0	25808	0
5430_30.fasta	46	1782	81972	30553	37.272	1669	0.937	1451	0.814	0.657	0.343	15535	7740	9760	18384	0	0	0	0	0	0	0	0	0	0	0	0	0	30553	0
6041_30.fasta	48	1658	79584	28016	35.203	1395	0.841	1099	0.663	0.625	0.375	14026	9393	9966	18183	0	0	0	0	0	0	0	0	0	0	0	0	0	28016	0
6299_30.fasta	13	677	8801	1955	22.213	614	0.907	448	0.662	0.624	0.376	1870	1257	1336	2383	0	0	0	0	0	0	0	0	0	0	0	0	0	1955	0
6779_30.fasta	33	1080	35640	12732	35.724	876	0.811	641	0.594	0.607	0.393	6359	4155	4835	7559	0	0	0	0	0	0	0	0	0	0	0	0	0	12732	0
5477_30.fasta	16	690	11040	3313	30.009	639	0.926	533	0.772	0.645	0.355	2271	1236	1492	2728	0	0	0	0	0	0	0	0	0	0	0	0	0	3313	0
5273_30.fasta	32	739	23648	4842	20.475	394	0.533	294	0.398	0.592	0.408	6007	3345	4337	5117	0	0	0	0	0	0	0	0	0	0	0	0	0	4842	0
5870_30.fasta	23	1356	31188	14539	46.617	1021	0.753	752	0.555	0.657	0.343	4239	2820	2893	6697	0	0	0	0	0	0	0	0	0	0	0	0	0	14539	0
6227_30.fasta	23	818	18814	5847	31.078	649	0.793	522	0.638	0.633	0.367	4082	1995	2757	4133	0	0	0	0	0	0	0	0	0	0	0	0	0	5847	0
5513_30.fasta	35	1602	56070	26419	47.118	1330	0.83	991	0.619	0.643	0.357	8578	5165	5568	10340	0	0	0	0	0	0	0	0	0	0	0	0	0	26419	0
6016_30.fasta	58	2255	130790	46302	35.402	1874	0.831	1550	0.687	0.596	0.404	20904	15106	19540	28938	0	0	0	0	0	0	0	0	0	0	0	0	0	46302	0
5899_30.fasta	50	1511	75550	27856	36.871	1301	0.861	990	0.655	0.632	0.368	13337	8008	9507	16842	0	0	0	0	0	0	0	0	0	0	0	0	0	27856	0
5943_30.fasta	52	2375	123500	55879	45.246	2233	0.94	1820	0.766	0.64	0.36	19365	11450	12901	23905	0	0	0	0	0	0	0	0	0	0	0	0	0	55879	0
6258_30.fasta	19	1014	19266	8241	42.775	884	0.872	696	0.686	0.649	0.351	3081	2012	1835	4097	0	0	0	0	0	0	0	0	0	0	0	0	0	8241	0
5933_30.fasta	28	933	26124	8708	33.333	602	0.645	437	0.468	0.607	0.393	5152	3250	3567	5447	0	0	0	0	0	0	0	0	0	0	0	0	0	8708	0
5032_30.fasta	54	2416	130464	42075	32.25	2090	0.865	1622	0.671	0.645	0.355	27252	14489	16887	29761	0	0	0	0	0	0	0	0	0	0	0	0	0	42075	0
6968_30.fasta	40	1696	67840	29023	42.782	1323	0.78	1011	0.596	0.615	0.385	9724	7411	7516	14166	0	0	0	0	0	0	0	0	0	0	0	0	0	29023	0
6538_30.fasta	39	906	35334	10396	29.422	733	0.809	627	0.692	0.613	0.387	7438	4869	4730	7901	0	0	0	0	0	0	0	0	0	0	0	0	0	10396	0
6854_30.fasta	13	1616	21008	9317	44.35	971	0.601	512	0.317	0.671	0.329	3579	1789	2123	4200	0	0	0	0	0	0	0	0	0	0	0	0	0	9317	0
5857_30.fasta	45	718	32310	9297	28.774	632	0.88	607	0.845	0.609	0.391	6610	3824	5149	7430	0	0	0	0	0	0	0	0	0	0	0	0	0	9297	0
6570_30.fasta	32	1146	36672	15040	41.012	866	0.756	623	0.544	0.601	0.399	5877	3850	4766	7139	0	0	0	0	0	0	0	0	0	0	0	0	0	15040	0
7141_30.fasta	12	884	10608	3251	30.647	728	0.824	494	0.559	0.626	0.374	2094	1148	1594	2521	0	0	0	0	0	0	0	0	0	0	0	0	0	3251	0
5974_30.fasta	34	786	26724	9391	35.141	674	0.858	571	0.726	0.65	0.35	5195	2695	3350	6093	0	0	0	0	0	0	0	0	0	0	0	0	0	9391	0
6977_30.fasta	4	572	2288	242	10.577	423	0.74	91	0.159	0.673	0.327	560	320	348	818	0	0	0	0	0	0	0	0	0	0	0	0	0	242	0
6978_30.fasta	42	718	30156	7917	26.253	641	0.893	596	0.83	0.599	0.401	5622	4605	4312	7700	0	0	0	0	0	0	0	0	0	0	0	0	0	7917	0
6527_30.fasta	55	1822	100210	41835	41.747	1539	0.845	1202	0.66	0.641	0.359	16580	8904	12111	20780	0	0	0	0	0	0	0	0	0	0	0	0	0	41835	0
6528_30.fasta	29	674	19546	4539	23.222	469	0.696	350	0.519	0.634	0.366	4424	2582	2894	5107	0	0	0	0	0	0	0	0	0	0	0	0	0	4539	0
5347_30.fasta	21	652	13692	3049	22.268	563	0.863	471	0.722	0.654	0.346	3059	1565	2112	3907	0	0	0	0	0	0	0	0	0	0	0	0	0	3049	0
5913_30.fasta	56	1658	92848	35886	38.65	1240	0.748	913	0.551	0.598	0.402	16151	11227	11670	17914	0	0	0	0	0	0	0	0	0	0	0	0	0	35886	0
5348_30.fasta	22	847	18634	5513	29.586	676	0.798	516	0.609	0.65	0.35	4040	2139	2468	4474	0	0	0	0	0	0	0	0	0	0	0	0	0	5513	0
5772_30.fasta	25	1123	28075	7692	27.398	928	0.826	777	0.692	0.601	0.399	5753	3466	4647	6517	0	0	0	0	0	0	0	0	0	0	0	0	0	7692	0
7273_30.fasta	8	636	5088	1049	20.617	540	0.849	334	0.525	0.621	0.379	1075	712	816	1436	0	0	0	0	0	0	0	0	0	0	0	0	0	1049	0
6797_30.fasta	49	1724	84476	34882	41.292	1515	0.879	1220	0.708	0.647	0.353	14965	7551	9934	17144	0	0	0	0	0	0	0	0	0	0	0	0	0	34882	0
6175_30.fasta	44	755	33220	8850	26.641	677	0.897	585	0.775	0.65	0.35	7759	3927	4602	8082	0	0	0	0	0	0	0	0	0	0	0	0	0	8850	0
5427_30.fasta	51	1822	92922	40277	43.345	1600	0.878	1272	0.698	0.656	0.344	17053	8475	9609	17508	0	0	0	0	0	0	0	0	0	0	0	0	0	40277	0
6947_30.fasta	63	1679	105777	34175	32.309	1422	0.847	1099	0.655	0.604	0.396	19958	11847	16473	23324	0	0	0	0	0	0	0	0	0	0	0	0	0	34175	0
5944_30.fasta	27	1047	28269	11540	40.822	948	0.905	753	0.719	0.631	0.369	5383	2973	3190	5183	0	0	0	0	0	0	0	0	0	0	0	0	0	11540	0
5428_30.fasta	6	897	5382	1080	20.067	389	0.434	138	0.154	0.517	0.483	1148	1022	1041	1091	0	0	0	0	0	0	0	0	0	0	0	0	0	1080	0
6056_30.fasta	39	1653	64467	28231	43.791	1424	0.861	1190	0.72	0.64	0.36	10085	6208	6682	13261	0	0	0	0	0	0	0	0	0	0	0	0	0	28231	0
5460_30.fasta	32	1218	38976	16071	41.233	934	0.767	755	0.62	0.664	0.336	7208	3339	4225	8133	0	0	0	0	0	0	0	0	0	0	0	0	0	16071	0
5357_30.fasta	13	603	7839	1876	23.932	448	0.743	329	0.546	0.625	0.375	1774	1085	1145	1959	0	0	0	0	0	0	0	0	0	0	0	0	0	1876	0
6652_30.fasta	58	1624	94192	37026	39.309	1326	0.817	951	0.586	0.628	0.372	14810	10735	10550	21071	0	0	0	0	0	0	0	0	0	0	0	0	0	37026	0
5264_30.fasta	30	1062	31860	13308	41.77	780	0.734	573	0.54	0.597	0.403	5756	3348	4097	5351	0	0	0	0	0	0	0	0	0	0	0	0	0	13308	0
6550_30.fasta	15	641	9615	2012	20.926	426	0.665	325	0.507	0.568	0.432	2369	1364	1899	1971	0	0	0	0	0	0	0	0	0	0	0	0	0	2012	0
7136_30.fasta	7	924	6468	2035	31.463	540	0.584	183	0.198	0.656	0.344	1371	724	793	1545	0	0	0	0	0	0	0	0	0	0	0	0	0	2035	0
6507_30.fasta	37	722	26714	7171	26.844	580	0.803	474	0.657	0.658	0.342	5072	3057	3629	7785	0	0	0	0	0	0	0	0	0	0	0	0	0	7171	0
6864_30.fasta	11	793	8723	2465	28.259	559	0.705	324	0.409	0.665	0.335	1894	922	1174	2268	0	0	0	0	0	0	0	0	0	0	0	0	0	2465	0
6958_30.fasta	19	865	16435	4698	28.585	659	0.762	514	0.594	0.661	0.339	3628	1770	2178	4161	0	0	0	0	0	0	0	0	0	0	0	0	0	4698	0
6882_30.fasta	39	722	28158	7123	25.297	598	0.828	526	0.729	0.603	0.397	6486	3513	4767	6269	0	0	0	0	0	0	0	0	0	0	0	0	0	7123	0
6303_30.fasta	52	868	45136	11623	25.751	699	0.805	596	0.687	0.646	0.354	9633	5757	6017	12106	0	0	0	0	0	0	0	0	0	0	0	0	0	11623	0