Alignment_name	No_of_taxa	Alignment_length	Total_matrix_cells	Undetermined_characters	Missing_percent	No_variable_sites	Proportion_variable_sites	Parsimony_informative_sites	Proportion_parsimony_informative	AT_content	GC_content	A	C	G	T	K	M	R	Y	S	W	B	V	H	D	X	N	O	-	?
dna.gene.aln	64	142825	9140800	4777855	52.27	72950	0.511	49661	0.348	0.565	0.435	1250669	794391	1102702	1215183	0	0	0	0	0	0	0	0	0	0	0	0	0	1898105	2879750
6552_30.fasta	44	408	17952	7005	39.021	201	0.493	122	0.299	0.572	0.428	3062	2118	2617	3150	0	0	0	0	0	0	0	0	0	0	0	0	0	7005	0
5551_30.fasta	41	273	11193	3562	31.823	194	0.711	160	0.586	0.573	0.427	2338	1483	1780	2030	0	0	0	0	0	0	0	0	0	0	0	0	0	3562	0
6487_30.fasta	45	1407	63315	32675	51.607	677	0.481	459	0.326	0.516	0.484	8136	6443	8519	7542	0	0	0	0	0	0	0	0	0	0	0	0	0	32675	0
6785_30.fasta	13	237	3081	1053	34.177	58	0.245	29	0.122	0.534	0.466	603	354	587	484	0	0	0	0	0	0	0	0	0	0	0	0	0	1053	0
6488_30.fasta	41	246	10086	3078	30.518	101	0.411	63	0.256	0.581	0.419	2227	997	1938	1846	0	0	0	0	0	0	0	0	0	0	0	0	0	3078	0
5280_30.fasta	53	582	30846	5578	18.083	252	0.433	198	0.34	0.598	0.402	6896	5043	5538	7791	0	0	0	0	0	0	0	0	0	0	0	0	0	5578	0
5355_30.fasta	49	300	14700	66	0.449	143	0.477	117	0.39	0.57	0.43	4596	2233	4066	3739	0	0	0	0	0	0	0	0	0	0	0	0	0	66	0
6003_30.fasta	40	237	9480	288	3.038	95	0.401	76	0.321	0.564	0.436	3155	1742	2264	2031	0	0	0	0	0	0	0	0	0	0	0	0	0	288	0
6439_30.fasta	55	420	23100	6985	30.238	220	0.524	151	0.36	0.57	0.43	4736	2536	4381	4462	0	0	0	0	0	0	0	0	0	0	0	0	0	6985	0
5865_30.fasta	50	828	41400	10986	26.536	486	0.587	327	0.395	0.6	0.4	10282	5099	7063	7970	0	0	0	0	0	0	0	0	0	0	0	0	0	10986	0
6130_30.fasta	23	315	7245	1941	26.791	104	0.33	53	0.168	0.53	0.47	1377	1183	1282	1462	0	0	0	0	0	0	0	0	0	0	0	0	0	1941	0
6498_30.fasta	18	285	5130	231	4.503	103	0.361	78	0.274	0.534	0.466	1148	1078	1198	1475	0	0	0	0	0	0	0	0	0	0	0	0	0	231	0
5822_30.fasta	37	153	5661	135	2.385	74	0.484	49	0.32	0.517	0.483	1430	1028	1640	1428	0	0	0	0	0	0	0	0	0	0	0	0	0	135	0
5770_30.fasta	30	591	17730	8387	47.304	332	0.562	253	0.428	0.591	0.409	3444	1496	2295	2108	0	0	0	0	0	0	0	0	0	0	0	0	0	8387	0
5949_30.fasta	41	477	19557	7738	39.566	218	0.457	155	0.325	0.567	0.433	3589	2200	2946	3084	0	0	0	0	0	0	0	0	0	0	0	0	0	7738	0
5893_30.fasta	18	301	5418	2198	40.568	168	0.558	111	0.369	0.47	0.53	633	1148	547	892	0	0	0	0	0	0	0	0	0	0	0	0	0	2198	0
4942_30.fasta	41	373	15293	5325	34.82	298	0.799	261	0.7	0.555	0.445	2481	2086	2358	3043	0	0	0	0	0	0	0	0	0	0	0	0	0	5325	0
5614_30.fasta	60	1719	103140	39439	38.238	1113	0.647	768	0.447	0.54	0.46	17085	12287	16885	17444	0	0	0	0	0	0	0	0	0	0	0	0	0	39439	0
5123_30.fasta	47	453	21291	8249	38.744	299	0.66	212	0.468	0.571	0.429	3602	2350	3227	3863	0	0	0	0	0	0	0	0	0	0	0	0	0	8249	0
4744_30.fasta	7	174	1218	216	17.734	85	0.489	63	0.362	0.605	0.395	304	169	219	310	0	0	0	0	0	0	0	0	0	0	0	0	0	216	0
4691_30.fasta	24	267	6408	339	5.29	111	0.416	76	0.285	0.535	0.465	1590	1289	1530	1660	0	0	0	0	0	0	0	0	0	0	0	0	0	339	0
6379_30.fasta	14	219	3066	63	2.055	75	0.342	46	0.21	0.562	0.438	805	670	642	886	0	0	0	0	0	0	0	0	0	0	0	0	0	63	0
5921_30.fasta	58	1887	109446	47008	42.951	1240	0.657	853	0.452	0.602	0.398	22536	10034	14713	15155	0	0	0	0	0	0	0	0	0	0	0	0	0	47008	0
6376_30.fasta	42	423	17766	6210	34.954	159	0.376	90	0.213	0.551	0.449	3268	2083	3044	3161	0	0	0	0	0	0	0	0	0	0	0	0	0	6210	0
6148_30.fasta	40	258	10320	447	4.331	146	0.566	110	0.426	0.577	0.423	3122	1782	2386	2583	0	0	0	0	0	0	0	0	0	0	0	0	0	447	0
6572_30.fasta	50	330	16500	4918	29.806	198	0.6	147	0.445	0.568	0.432	3311	1823	3198	3250	0	0	0	0	0	0	0	0	0	0	0	0	0	4918	0
7241_30.fasta	17	300	5100	870	17.059	108	0.36	65	0.217	0.542	0.458	988	940	998	1304	0	0	0	0	0	0	0	0	0	0	0	0	0	870	0
6110_30.fasta	55	342	18810	4341	23.078	157	0.459	117	0.342	0.549	0.451	4347	3272	3201	3649	0	0	0	0	0	0	0	0	0	0	0	0	0	4341	0
5990_30.fasta	12	210	2520	696	27.619	62	0.295	20	0.095	0.546	0.454	562	343	484	435	0	0	0	0	0	0	0	0	0	0	0	0	0	696	0
7028_30.fasta	54	294	15876	1542	9.713	169	0.575	136	0.463	0.585	0.415	4417	2136	3790	3991	0	0	0	0	0	0	0	0	0	0	0	0	0	1542	0
7325_30.fasta	10	324	3240	804	24.815	53	0.164	30	0.093	0.503	0.497	625	777	429	605	0	0	0	0	0	0	0	0	0	0	0	0	0	804	0
6366_30.fasta	26	138	3588	141	3.93	67	0.486	27	0.196	0.582	0.418	845	541	900	1161	0	0	0	0	0	0	0	0	0	0	0	0	0	141	0
6689_30.fasta	54	564	30456	9712	31.889	283	0.502	190	0.337	0.559	0.441	5282	3132	6017	6313	0	0	0	0	0	0	0	0	0	0	0	0	0	9712	0
6064_30.fasta	15	351	5265	876	16.638	125	0.356	52	0.148	0.59	0.41	1279	825	981	1304	0	0	0	0	0	0	0	0	0	0	0	0	0	876	0
4806_30.fasta	45	522	23490	8496	36.169	263	0.504	172	0.33	0.556	0.444	4278	2759	3851	4106	0	0	0	0	0	0	0	0	0	0	0	0	0	8496	0
6660_30.fasta	40	571	22840	9114	39.904	310	0.543	183	0.32	0.57	0.43	4296	2043	3850	3537	0	0	0	0	0	0	0	0	0	0	0	0	0	9114	0
5536_30.fasta	13	150	1950	228	11.692	100	0.667	87	0.58	0.572	0.428	543	317	418	444	0	0	0	0	0	0	0	0	0	0	0	0	0	228	0
5980_30.fasta	39	198	7722	399	5.167	77	0.389	57	0.288	0.583	0.417	2272	1291	1777	1983	0	0	0	0	0	0	0	0	0	0	0	0	0	399	0
5634_30.fasta	44	474	20856	7544	36.172	210	0.443	131	0.276	0.546	0.454	3711	2726	3279	3596	0	0	0	0	0	0	0	0	0	0	0	0	0	7544	0
6406_30.fasta	38	234	8892	2499	28.104	108	0.462	61	0.261	0.595	0.405	1818	1312	1297	1966	0	0	0	0	0	0	0	0	0	0	0	0	0	2499	0
7174_30.fasta	47	898	42206	19018	45.06	565	0.629	301	0.335	0.555	0.445	6624	4077	6147	6340	0	0	0	0	0	0	0	0	0	0	0	0	0	19018	0
5791_30.fasta	34	360	12240	5493	44.877	282	0.783	236	0.656	0.593	0.407	2110	1295	1433	1909	0	0	0	0	0	0	0	0	0	0	0	0	0	5493	0
6792_30.fasta	45	273	12285	3923	31.933	112	0.41	75	0.275	0.544	0.456	2384	1677	2147	2154	0	0	0	0	0	0	0	0	0	0	0	0	0	3923	0
7279_30.fasta	45	471	21195	7509	35.428	355	0.754	259	0.55	0.578	0.422	4224	2388	3354	3720	0	0	0	0	0	0	0	0	0	0	0	0	0	7509	0
5644_30.fasta	41	405	16605	6029	36.308	231	0.57	121	0.299	0.575	0.425	3034	2067	2390	3085	0	0	0	0	0	0	0	0	0	0	0	0	0	6029	0
4471_30.fasta	57	609	34713	12519	36.064	274	0.45	167	0.274	0.597	0.403	5864	3926	5047	7357	0	0	0	0	0	0	0	0	0	0	0	0	0	12519	0
5919_30.fasta	47	453	21291	1588	7.459	240	0.53	175	0.386	0.553	0.447	5993	3509	5311	4890	0	0	0	0	0	0	0	0	0	0	0	0	0	1588	0
5894_30.fasta	28	159	4452	252	5.66	64	0.403	42	0.264	0.602	0.398	1410	695	977	1118	0	0	0	0	0	0	0	0	0	0	0	0	0	252	0
5422_30.fasta	31	192	5952	171	2.873	67	0.349	41	0.214	0.581	0.419	1665	1032	1395	1689	0	0	0	0	0	0	0	0	0	0	0	0	0	171	0
5018_30.fasta	48	573	27504	11787	42.856	277	0.483	156	0.272	0.573	0.427	4301	2873	3801	4742	0	0	0	0	0	0	0	0	0	0	0	0	0	11787	0
4890_30.fasta	50	348	17400	5757	33.086	205	0.589	131	0.376	0.558	0.442	3315	2228	2975	3125	0	0	0	0	0	0	0	0	0	0	0	0	0	5757	0
5941_30.fasta	13	261	3393	1344	39.611	119	0.456	65	0.249	0.555	0.445	559	501	436	553	0	0	0	0	0	0	0	0	0	0	0	0	0	1344	0
4724_30.fasta	43	681	29283	13527	46.194	346	0.508	238	0.349	0.59	0.41	4823	2977	3445	4511	0	0	0	0	0	0	0	0	0	0	0	0	0	13527	0
5163_30.fasta	51	553	28203	11111	39.397	312	0.564	255	0.461	0.59	0.41	5398	3084	3918	4692	0	0	0	0	0	0	0	0	0	0	0	0	0	11111	0
6782_30.fasta	43	351	15093	2976	19.718	131	0.373	91	0.259	0.532	0.468	3162	2029	3621	3305	0	0	0	0	0	0	0	0	0	0	0	0	0	2976	0
6284_30.fasta	49	852	41748	11523	27.601	460	0.54	332	0.39	0.546	0.454	5248	6502	7341	11134	0	0	0	0	0	0	0	0	0	0	0	0	0	11523	0
6004_30.fasta	55	295	16225	3692	22.755	182	0.617	156	0.529	0.568	0.432	3436	1608	3788	3701	0	0	0	0	0	0	0	0	0	0	0	0	0	3692	0
6459_30.fasta	52	135	7020	86	1.225	66	0.489	38	0.281	0.518	0.482	1423	1341	1999	2171	0	0	0	0	0	0	0	0	0	0	0	0	0	86	0
7067_30.fasta	47	213	10011	1356	13.545	100	0.469	78	0.366	0.573	0.427	2407	1363	2336	2549	0	0	0	0	0	0	0	0	0	0	0	0	0	1356	0
4932_30.fasta	53	510	27030	5874	21.731	272	0.533	169	0.331	0.597	0.403	6405	3121	5306	6324	0	0	0	0	0	0	0	0	0	0	0	0	0	5874	0
5936_30.fasta	33	276	9108	2745	30.138	97	0.351	51	0.185	0.563	0.437	1778	1134	1640	1811	0	0	0	0	0	0	0	0	0	0	0	0	0	2745	0
6150_30.fasta	33	318	10494	2480	23.633	160	0.503	106	0.333	0.583	0.417	2512	1454	1826	2222	0	0	0	0	0	0	0	0	0	0	0	0	0	2480	0
6667_30.fasta	59	793	46787	19320	41.294	388	0.489	272	0.343	0.605	0.395	8380	4705	6176	8206	0	0	0	0	0	0	0	0	0	0	0	0	0	19320	0
5664_30.fasta	64	927	59328	21732	36.63	495	0.534	342	0.369	0.574	0.426	10671	5421	10672	10832	0	0	0	0	0	0	0	0	0	0	0	0	0	21732	0
6387_30.fasta	43	801	34443	9588	27.837	343	0.428	262	0.327	0.557	0.443	5796	4872	6164	8023	0	0	0	0	0	0	0	0	0	0	0	0	0	9588	0
5104_30.fasta	45	231	10395	2517	24.214	92	0.398	47	0.203	0.581	0.419	2351	1759	1550	2218	0	0	0	0	0	0	0	0	0	0	0	0	0	2517	0
5206_30.fasta	41	462	18942	7932	41.875	198	0.429	152	0.329	0.558	0.442	3578	1978	2914	2540	0	0	0	0	0	0	0	0	0	0	0	0	0	7932	0
5531_30.fasta	36	273	9828	1881	19.139	126	0.462	93	0.341	0.6	0.4	2363	1501	1679	2404	0	0	0	0	0	0	0	0	0	0	0	0	0	1881	0
5038_30.fasta	43	270	11610	3806	32.782	134	0.496	95	0.352	0.571	0.429	2198	1439	1873	2294	0	0	0	0	0	0	0	0	0	0	0	0	0	3806	0
6401_30.fasta	30	540	16200	3342	20.63	251	0.465	154	0.285	0.579	0.421	3689	2331	3078	3760	0	0	0	0	0	0	0	0	0	0	0	0	0	3342	0
5335_30.fasta	35	490	17150	8996	52.455	250	0.51	191	0.39	0.582	0.418	2419	1431	1946	2358	0	0	0	0	0	0	0	0	0	0	0	0	0	8996	0
6962_30.fasta	54	327	17658	4617	26.147	169	0.517	121	0.37	0.591	0.409	3826	2036	3305	3874	0	0	0	0	0	0	0	0	0	0	0	0	0	4617	0
5926_30.fasta	38	396	15048	3297	21.91	137	0.346	95	0.24	0.56	0.44	3321	2295	2873	3262	0	0	0	0	0	0	0	0	0	0	0	0	0	3297	0
6449_30.fasta	8	186	1488	129	8.669	14	0.075	2	0.011	0.608	0.392	468	237	295	359	0	0	0	0	0	0	0	0	0	0	0	0	0	129	0
5815_30.fasta	24	135	3240	57	1.759	72	0.533	43	0.319	0.464	0.536	887	856	848	592	0	0	0	0	0	0	0	0	0	0	0	0	0	57	0
6398_30.fasta	26	237	6162	1998	32.425	178	0.751	137	0.578	0.585	0.415	1257	686	1027	1194	0	0	0	0	0	0	0	0	0	0	0	0	0	1998	0
5842_30.fasta	41	476	19516	7083	36.293	290	0.609	212	0.445	0.574	0.426	3444	2288	2978	3723	0	0	0	0	0	0	0	0	0	0	0	0	0	7083	0
6713_30.fasta	8	276	2208	909	41.168	62	0.225	16	0.058	0.606	0.394	321	203	307	468	0	0	0	0	0	0	0	0	0	0	0	0	0	909	0
7577_30.fasta	21	282	5922	2292	38.703	71	0.252	43	0.152	0.562	0.438	957	809	772	1092	0	0	0	0	0	0	0	0	0	0	0	0	0	2292	0
5090_30.fasta	5	303	1515	381	25.149	81	0.267	15	0.05	0.527	0.473	235	240	293	366	0	0	0	0	0	0	0	0	0	0	0	0	0	381	0
5596_30.fasta	55	1096	60280	13910	23.076	628	0.573	443	0.404	0.574	0.426	11196	9204	10615	15355	0	0	0	0	0	0	0	0	0	0	0	0	0	13910	0
6378_30.fasta	20	380	7600	2670	35.132	263	0.692	206	0.542	0.549	0.451	1397	940	1285	1308	0	0	0	0	0	0	0	0	0	0	0	0	0	2670	0
5599_30.fasta	52	464	24128	7878	32.651	355	0.765	187	0.403	0.578	0.422	4647	3226	3625	4752	0	0	0	0	0	0	0	0	0	0	0	0	0	7878	0
6320_30.fasta	56	859	48104	17135	35.621	643	0.749	482	0.561	0.56	0.44	8799	5009	8651	8510	0	0	0	0	0	0	0	0	0	0	0	0	0	17135	0
5977_30.fasta	25	270	6750	2333	34.563	133	0.493	75	0.278	0.619	0.381	1325	890	976	1226	0	0	0	0	0	0	0	0	0	0	0	0	0	2333	0
7324_30.fasta	53	693	36729	10629	28.939	335	0.483	222	0.32	0.587	0.413	7971	4643	6111	7375	0	0	0	0	0	0	0	0	0	0	0	0	0	10629	0
7029_30.fasta	39	405	15795	3999	25.318	280	0.691	151	0.373	0.588	0.412	3086	2029	2824	3857	0	0	0	0	0	0	0	0	0	0	0	0	0	3999	0
5716_30.fasta	45	1059	47655	26476	55.558	538	0.508	336	0.317	0.564	0.436	6344	4014	5186	5635	0	0	0	0	0	0	0	0	0	0	0	0	0	26476	0
6992_30.fasta	55	210	11550	3879	33.584	123	0.586	96	0.457	0.628	0.372	2769	1098	1742	2062	0	0	0	0	0	0	0	0	0	0	0	0	0	3879	0
6848_30.fasta	10	192	1920	258	13.438	73	0.38	43	0.224	0.575	0.425	444	287	418	513	0	0	0	0	0	0	0	0	0	0	0	0	0	258	0
5528_30.fasta	50	769	38450	16844	43.808	437	0.568	280	0.364	0.589	0.411	6379	4099	4899	6229	0	0	0	0	0	0	0	0	0	0	0	0	0	16844	0
6933_30.fasta	47	519	24393	7561	30.997	250	0.482	143	0.276	0.571	0.429	4260	3793	3435	5344	0	0	0	0	0	0	0	0	0	0	0	0	0	7561	0
7363_30.fasta	53	390	20670	3743	18.108	159	0.408	106	0.272	0.548	0.452	4381	2728	4976	4842	0	0	0	0	0	0	0	0	0	0	0	0	0	3743	0
6450_30.fasta	54	618	33372	10218	30.618	326	0.528	189	0.306	0.561	0.439	6048	4766	5360	6980	0	0	0	0	0	0	0	0	0	0	0	0	0	10218	0
5968_30.fasta	8	156	1248	192	15.385	34	0.218	17	0.109	0.563	0.437	268	170	291	327	0	0	0	0	0	0	0	0	0	0	0	0	0	192	0
6407_30.fasta	35	264	9240	3231	34.968	134	0.508	79	0.299	0.552	0.448	1865	1087	1639	1418	0	0	0	0	0	0	0	0	0	0	0	0	0	3231	0
5404_30.fasta	63	726	45738	19455	42.536	426	0.587	301	0.415	0.573	0.427	6992	5664	5509	8118	0	0	0	0	0	0	0	0	0	0	0	0	0	19455	0
5333_30.fasta	60	1473	88380	30091	34.047	824	0.559	552	0.375	0.568	0.432	16831	9817	15231	16410	0	0	0	0	0	0	0	0	0	0	0	0	0	30091	0
6636_30.fasta	18	402	7236	2931	40.506	176	0.438	109	0.271	0.571	0.429	990	764	1103	1448	0	0	0	0	0	0	0	0	0	0	0	0	0	2931	0
5981_30.fasta	30	349	10470	3659	34.947	272	0.779	231	0.662	0.533	0.467	1757	1591	1576	1887	0	0	0	0	0	0	0	0	0	0	0	0	0	3659	0
5200_30.fasta	40	432	17280	7992	46.25	155	0.359	95	0.22	0.534	0.466	2715	1476	2829	2268	0	0	0	0	0	0	0	0	0	0	0	0	0	7992	0
6460_30.fasta	50	612	30600	5467	17.866	410	0.67	336	0.549	0.552	0.448	6542	4810	6498	7283	0	0	0	0	0	0	0	0	0	0	0	0	0	5467	0
5463_30.fasta	31	318	9858	2238	22.702	135	0.425	89	0.28	0.61	0.39	2855	938	2049	1778	0	0	0	0	0	0	0	0	0	0	0	0	0	2238	0
5354_30.fasta	14	222	3108	1254	40.347	74	0.333	28	0.126	0.585	0.415	467	400	373	614	0	0	0	0	0	0	0	0	0	0	0	0	0	1254	0
6282_30.fasta	42	312	13104	2226	16.987	127	0.407	87	0.279	0.574	0.426	3123	1784	2835	3136	0	0	0	0	0	0	0	0	0	0	0	0	0	2226	0
7602_30.fasta	37	243	8991	444	4.938	118	0.486	73	0.3	0.536	0.464	1985	1900	2076	2586	0	0	0	0	0	0	0	0	0	0	0	0	0	444	0
7135_30.fasta	46	578	26588	11933	44.881	375	0.649	246	0.426	0.564	0.436	3346	2899	3425	4985	0	0	0	0	0	0	0	0	0	0	0	0	0	11933	0
4889_30.fasta	40	282	11280	3720	32.979	118	0.418	58	0.206	0.631	0.369	2477	1218	1616	2249	0	0	0	0	0	0	0	0	0	0	0	0	0	3720	0
5958_30.fasta	38	345	13110	366	2.792	136	0.394	104	0.301	0.559	0.441	3965	2339	3292	3148	0	0	0	0	0	0	0	0	0	0	0	0	0	366	0
5434_30.fasta	44	558	24552	1440	5.865	232	0.416	168	0.301	0.527	0.473	5996	4908	6032	6176	0	0	0	0	0	0	0	0	0	0	0	0	0	1440	0
5910_30.fasta	48	720	34560	4761	13.776	377	0.524	270	0.375	0.54	0.46	8438	4876	8796	7689	0	0	0	0	0	0	0	0	0	0	0	0	0	4761	0
6913_30.fasta	55	599	32945	12641	38.37	326	0.544	254	0.424	0.552	0.448	6022	3745	5404	5133	0	0	0	0	0	0	0	0	0	0	0	0	0	12641	0
7194_30.fasta	17	321	5457	1386	25.399	118	0.368	48	0.15	0.537	0.463	1117	791	1082	1081	0	0	0	0	0	0	0	0	0	0	0	0	0	1386	0
6274_30.fasta	27	264	7128	1403	19.683	177	0.67	156	0.591	0.549	0.451	1865	1056	1522	1282	0	0	0	0	0	0	0	0	0	0	0	0	0	1403	0
6496_30.fasta	25	279	6975	1642	23.541	81	0.29	57	0.204	0.61	0.39	1771	821	1232	1509	0	0	0	0	0	0	0	0	0	0	0	0	0	1642	0
5642_30.fasta	7	117	819	216	26.374	14	0.12	6	0.051	0.574	0.426	165	122	131	185	0	0	0	0	0	0	0	0	0	0	0	0	0	216	0
6641_30.fasta	56	560	31360	9894	31.55	309	0.552	233	0.416	0.564	0.436	6634	4131	5424	5277	0	0	0	0	0	0	0	0	0	0	0	0	0	9894	0
4793_30.fasta	43	570	24510	6737	27.487	330	0.579	230	0.404	0.583	0.417	4818	3559	3846	5550	0	0	0	0	0	0	0	0	0	0	0	0	0	6737	0
6176_30.fasta	58	660	38280	8041	21.006	305	0.462	207	0.314	0.576	0.424	9049	5467	7323	8400	0	0	0	0	0	0	0	0	0	0	0	0	0	8041	0
6389_30.fasta	51	453	23103	7888	34.143	160	0.353	115	0.254	0.548	0.452	3765	2798	4194	4458	0	0	0	0	0	0	0	0	0	0	0	0	0	7888	0
6457_30.fasta	29	231	6699	855	12.763	127	0.55	82	0.355	0.594	0.406	2042	958	1406	1438	0	0	0	0	0	0	0	0	0	0	0	0	0	855	0
5454_30.fasta	56	1080	60480	19368	32.024	597	0.553	420	0.389	0.579	0.421	12818	5762	11718	10814	0	0	0	0	0	0	0	0	0	0	0	0	0	19368	0
6458_30.fasta	33	310	10230	5274	51.554	210	0.677	179	0.577	0.579	0.421	1357	815	1255	1529	0	0	0	0	0	0	0	0	0	0	0	0	0	5274	0
5960_30.fasta	31	450	13950	2481	17.785	225	0.5	164	0.364	0.573	0.427	3165	1863	3050	3391	0	0	0	0	0	0	0	0	0	0	0	0	0	2481	0
7333_30.fasta	46	408	18768	1821	9.703	222	0.544	157	0.385	0.461	0.539	4154	4756	4381	3656	0	0	0	0	0	0	0	0	0	0	0	0	0	1821	0
6533_30.fasta	49	588	28812	9679	33.594	390	0.663	303	0.515	0.573	0.427	5964	3483	4651	5035	0	0	0	0	0	0	0	0	0	0	0	0	0	9679	0
5853_30.fasta	51	612	31212	8299	26.589	315	0.515	194	0.317	0.602	0.398	8817	3437	5661	4998	0	0	0	0	0	0	0	0	0	0	0	0	0	8299	0
6631_30.fasta	10	201	2010	279	13.881	73	0.363	35	0.174	0.543	0.457	365	362	434	570	0	0	0	0	0	0	0	0	0	0	0	0	0	279	0
5578_30.fasta	18	189	3402	225	6.614	78	0.413	53	0.28	0.544	0.456	990	493	956	738	0	0	0	0	0	0	0	0	0	0	0	0	0	225	0
6679_30.fasta	43	348	14964	4481	29.945	233	0.67	173	0.497	0.581	0.419	2920	2215	2170	3178	0	0	0	0	0	0	0	0	0	0	0	0	0	4481	0
6448_30.fasta	4	297	1188	351	29.545	72	0.242	2	0.007	0.583	0.417	190	162	185	300	0	0	0	0	0	0	0	0	0	0	0	0	0	351	0
6072_30.fasta	46	180	8280	2280	27.536	87	0.483	56	0.311	0.543	0.457	1786	685	2010	1519	0	0	0	0	0	0	0	0	0	0	0	0	0	2280	0
6447_30.fasta	34	315	10710	2688	25.098	155	0.492	114	0.362	0.544	0.456	2275	1656	2014	2077	0	0	0	0	0	0	0	0	0	0	0	0	0	2688	0
6924_30.fasta	61	512	31232	8418	26.953	287	0.561	216	0.422	0.545	0.455	6751	4246	6144	5673	0	0	0	0	0	0	0	0	0	0	0	0	0	8418	0
7021_30.fasta	54	329	17766	4335	24.401	160	0.486	109	0.331	0.548	0.452	3583	2567	3489	3792	0	0	0	0	0	0	0	0	0	0	0	0	0	4335	0
4848_30.fasta	61	891	54351	24323	44.752	440	0.494	307	0.345	0.526	0.474	7962	5203	8878	7985	0	0	0	0	0	0	0	0	0	0	0	0	0	24323	0
5843_30.fasta	20	192	3840	297	7.734	83	0.432	54	0.281	0.521	0.479	1024	648	1041	830	0	0	0	0	0	0	0	0	0	0	0	0	0	297	0
4992_30.fasta	55	1370	75350	22215	29.482	777	0.567	535	0.391	0.601	0.399	16533	8995	12128	15479	0	0	0	0	0	0	0	0	0	0	0	0	0	22215	0
6119_30.fasta	63	2181	137403	37000	26.928	1284	0.589	913	0.419	0.572	0.428	28736	18833	24148	28686	0	0	0	0	0	0	0	0	0	0	0	0	0	37000	0
6995_30.fasta	10	96	960	6	0.625	15	0.156	7	0.073	0.607	0.393	278	208	167	301	0	0	0	0	0	0	0	0	0	0	0	0	0	6	0
5918_30.fasta	7	174	1218	280	22.989	49	0.282	18	0.103	0.508	0.492	330	174	283	151	0	0	0	0	0	0	0	0	0	0	0	0	0	280	0
5299_30.fasta	44	290	12760	4116	32.257	165	0.569	127	0.438	0.604	0.396	2281	1581	1812	2970	0	0	0	0	0	0	0	0	0	0	0	0	0	4116	0
6198_30.fasta	40	195	7800	1125	14.423	60	0.308	40	0.205	0.566	0.434	1932	1093	1791	1859	0	0	0	0	0	0	0	0	0	0	0	0	0	1125	0
5296_30.fasta	28	171	4788	1161	24.248	70	0.409	40	0.234	0.569	0.431	1096	391	1153	987	0	0	0	0	0	0	0	0	0	0	0	0	0	1161	0
6295_30.fasta	63	810	51030	9627	18.865	350	0.432	278	0.343	0.564	0.436	11808	8435	9717	11443	0	0	0	0	0	0	0	0	0	0	0	0	0	9627	0
6914_30.fasta	46	533	24518	10448	42.614	404	0.758	302	0.567	0.575	0.425	3949	2769	3348	4004	0	0	0	0	0	0	0	0	0	0	0	0	0	10448	0
5343_30.fasta	38	474	18012	1200	6.662	216	0.456	164	0.346	0.564	0.436	4711	2731	4587	4783	0	0	0	0	0	0	0	0	0	0	0	0	0	1200	0
6544_30.fasta	53	1233	65349	34225	52.373	766	0.621	536	0.435	0.582	0.418	9463	5714	7403	8544	0	0	0	0	0	0	0	0	0	0	0	0	0	34225	0
6649_30.fasta	32	216	6912	2804	40.567	60	0.278	40	0.185	0.572	0.428	1428	714	1054	912	0	0	0	0	0	0	0	0	0	0	0	0	0	2804	0
5721_30.fasta	51	350	17850	4223	23.658	175	0.5	124	0.354	0.536	0.464	3323	1764	4556	3984	0	0	0	0	0	0	0	0	0	0	0	0	0	4223	0
6318_30.fasta	44	837	36828	14516	39.416	604	0.722	382	0.456	0.575	0.425	6511	3724	5755	6322	0	0	0	0	0	0	0	0	0	0	0	0	0	14516	0
5940_30.fasta	51	417	21267	2949	13.867	192	0.46	136	0.326	0.604	0.396	3551	3016	4255	7496	0	0	0	0	0	0	0	0	0	0	0	0	0	2949	0
7313_30.fasta	46	654	30084	9441	31.382	370	0.566	251	0.384	0.524	0.476	5122	4268	5548	5705	0	0	0	0	0	0	0	0	0	0	0	0	0	9441	0
6420_30.fasta	46	521	23966	9350	39.014	225	0.432	147	0.282	0.547	0.453	3445	3041	3609	4521	0	0	0	0	0	0	0	0	0	0	0	0	0	9350	0
5464_30.fasta	19	164	3116	682	21.887	135	0.823	125	0.762	0.555	0.445	629	525	553	727	0	0	0	0	0	0	0	0	0	0	0	0	0	682	0
5260_30.fasta	8	93	744	3	0.403	25	0.269	15	0.161	0.568	0.432	261	156	164	160	0	0	0	0	0	0	0	0	0	0	0	0	0	3	0
5162_30.fasta	58	978	56724	11940	21.049	532	0.544	387	0.396	0.571	0.429	14089	7693	11525	11477	0	0	0	0	0	0	0	0	0	0	0	0	0	11940	0
6139_30.fasta	48	429	20592	2925	14.205	219	0.51	138	0.322	0.562	0.438	5059	3307	4456	4845	0	0	0	0	0	0	0	0	0	0	0	0	0	2925	0
6601_30.fasta	39	487	18993	6688	35.213	210	0.431	126	0.259	0.56	0.44	3006	2713	2697	3889	0	0	0	0	0	0	0	0	0	0	0	0	0	6688	0
4954_30.fasta	60	699	41940	6880	16.404	310	0.443	226	0.323	0.561	0.439	9973	4286	11135	9666	0	0	0	0	0	0	0	0	0	0	0	0	0	6880	0
5304_30.fasta	34	270	9180	3099	33.758	93	0.344	53	0.196	0.598	0.402	1955	1014	1436	1676	0	0	0	0	0	0	0	0	0	0	0	0	0	3099	0
5950_30.fasta	36	549	19764	8556	43.291	277	0.505	168	0.306	0.591	0.409	3426	2234	2367	3181	0	0	0	0	0	0	0	0	0	0	0	0	0	8556	0
6732_30.fasta	13	210	2730	165	6.044	48	0.229	21	0.1	0.529	0.471	722	641	565	637	0	0	0	0	0	0	0	0	0	0	0	0	0	165	0
6227_30.fasta	23	243	5589	1083	19.377	93	0.383	59	0.243	0.535	0.465	1236	804	1284	1182	0	0	0	0	0	0	0	0	0	0	0	0	0	1083	0
5513_30.fasta	37	418	15466	6102	39.454	189	0.452	112	0.268	0.578	0.422	2489	1940	2037	2898	0	0	0	0	0	0	0	0	0	0	0	0	0	6102	0
5870_30.fasta	20	219	4380	1323	30.205	84	0.384	39	0.178	0.574	0.426	609	624	663	1161	0	0	0	0	0	0	0	0	0	0	0	0	0	1323	0
6016_30.fasta	58	717	41586	8677	20.865	295	0.411	211	0.294	0.561	0.439	7478	5803	8700	10928	0	0	0	0	0	0	0	0	0	0	0	0	0	8677	0
5899_30.fasta	47	639	30033	9279	30.896	353	0.552	256	0.401	0.59	0.41	5953	3776	4712	6313	0	0	0	0	0	0	0	0	0	0	0	0	0	9279	0
5943_30.fasta	50	877	43850	17756	40.493	567	0.647	422	0.481	0.573	0.427	7334	4816	6350	7594	0	0	0	0	0	0	0	0	0	0	0	0	0	17756	0
6299_30.fasta	14	294	4116	1535	37.293	121	0.412	75	0.255	0.512	0.488	597	507	715	762	0	0	0	0	0	0	0	0	0	0	0	0	0	1535	0
6041_30.fasta	46	602	27692	8522	30.774	306	0.508	204	0.339	0.56	0.44	5048	3933	4359	5830	0	0	0	0	0	0	0	0	0	0	0	0	0	8522	0
6779_30.fasta	33	603	19899	6607	33.203	285	0.473	150	0.249	0.562	0.438	3702	2445	3362	3783	0	0	0	0	0	0	0	0	0	0	0	0	0	6607	0
5477_30.fasta	15	144	2160	321	14.861	118	0.819	99	0.688	0.577	0.423	557	348	425	509	0	0	0	0	0	0	0	0	0	0	0	0	0	321	0
5273_30.fasta	32	506	16192	1664	10.277	208	0.411	137	0.271	0.58	0.42	4743	2595	3519	3671	0	0	0	0	0	0	0	0	0	0	0	0	0	1664	0
6500_30.fasta	55	1360	74800	23797	31.814	701	0.515	463	0.34	0.552	0.448	15094	10094	12724	13091	0	0	0	0	0	0	0	0	0	0	0	0	0	23797	0
6238_30.fasta	56	693	38808	8520	21.954	450	0.649	338	0.488	0.565	0.435	8311	6218	6934	8825	0	0	0	0	0	0	0	0	0	0	0	0	0	8520	0
5430_30.fasta	46	396	18216	5856	32.148	183	0.462	118	0.298	0.585	0.415	4154	2136	2943	3127	0	0	0	0	0	0	0	0	0	0	0	0	0	5856	0
5188_30.fasta	55	343	18865	1807	9.579	175	0.51	129	0.376	0.592	0.408	5692	2576	4400	4390	0	0	0	0	0	0	0	0	0	0	0	0	0	1807	0
6051_30.fasta	54	924	49896	4965	9.951	537	0.581	408	0.442	0.533	0.467	12240	8575	12405	11711	0	0	0	0	0	0	0	0	0	0	0	0	0	4965	0
6557_30.fasta	4	153	612	102	16.667	19	0.124	4	0.026	0.552	0.448	112	150	78	170	0	0	0	0	0	0	0	0	0	0	0	0	0	102	0
5554_30.fasta	47	796	37412	16042	42.879	533	0.67	340	0.427	0.587	0.413	7515	3551	5297	5007	0	0	0	0	0	0	0	0	0	0	0	0	0	16042	0
6780_30.fasta	34	315	10710	2721	25.406	120	0.381	77	0.244	0.571	0.429	2387	1289	2125	2188	0	0	0	0	0	0	0	0	0	0	0	0	0	2721	0
5656_30.fasta	15	126	1890	99	5.238	47	0.373	22	0.175	0.619	0.381	556	290	391	554	0	0	0	0	0	0	0	0	0	0	0	0	0	99	0
5702_30.fasta	50	579	28950	5618	19.406	299	0.516	181	0.313	0.574	0.426	7343	3981	6012	5996	0	0	0	0	0	0	0	0	0	0	0	0	0	5618	0
7367_30.fasta	32	312	9984	2349	23.528	128	0.41	91	0.292	0.551	0.449	2764	1369	2045	1457	0	0	0	0	0	0	0	0	0	0	0	0	0	2349	0
6454_30.fasta	48	292	14016	4595	32.784	182	0.623	90	0.308	0.581	0.419	2759	1776	2160	2726	0	0	0	0	0	0	0	0	0	0	0	0	0	4595	0
6363_30.fasta	49	539	26411	10917	41.335	438	0.813	348	0.646	0.565	0.435	4598	2814	3902	4180	0	0	0	0	0	0	0	0	0	0	0	0	0	10917	0
6026_30.fasta	39	507	19773	9549	48.293	234	0.462	164	0.323	0.541	0.459	2956	1868	2798	2602	0	0	0	0	0	0	0	0	0	0	0	0	0	9549	0
6029_30.fasta	25	201	5025	633	12.597	102	0.507	61	0.303	0.593	0.407	1345	714	1074	1259	0	0	0	0	0	0	0	0	0	0	0	0	0	633	0
7111_30.fasta	48	210	10080	420	4.167	88	0.419	58	0.276	0.596	0.404	3054	1605	2301	2700	0	0	0	0	0	0	0	0	0	0	0	0	0	420	0
5116_30.fasta	56	855	47880	15204	31.754	491	0.574	319	0.373	0.567	0.433	8792	6073	8171	9640	0	0	0	0	0	0	0	0	0	0	0	0	0	15204	0
5840_30.fasta	48	489	23472	7023	29.921	180	0.368	110	0.225	0.578	0.422	5094	3424	3609	4322	0	0	0	0	0	0	0	0	0	0	0	0	0	7023	0
4527_30.fasta	55	915	50325	13620	27.064	449	0.491	317	0.346	0.529	0.471	9453	6870	10448	9934	0	0	0	0	0	0	0	0	0	0	0	0	0	13620	0
6098_30.fasta	49	504	24696	10739	43.485	297	0.589	184	0.365	0.545	0.455	3874	2712	3629	3742	0	0	0	0	0	0	0	0	0	0	0	0	0	10739	0
6746_30.fasta	28	81	2268	45	1.984	25	0.309	18	0.222	0.587	0.413	658	269	648	648	0	0	0	0	0	0	0	0	0	0	0	0	0	45	0
6373_30.fasta	51	732	37332	12964	34.726	394	0.538	263	0.359	0.559	0.441	7922	4030	6743	5673	0	0	0	0	0	0	0	0	0	0	0	0	0	12964	0
7136_30.fasta	6	249	1494	360	24.096	60	0.241	22	0.088	0.601	0.399	388	199	248	299	0	0	0	0	0	0	0	0	0	0	0	0	0	360	0
6864_30.fasta	11	153	1683	234	13.904	34	0.222	22	0.144	0.579	0.421	375	237	372	465	0	0	0	0	0	0	0	0	0	0	0	0	0	234	0
6507_30.fasta	39	147	5733	766	13.361	62	0.422	45	0.306	0.588	0.412	1421	754	1286	1506	0	0	0	0	0	0	0	0	0	0	0	0	0	766	0
6958_30.fasta	18	246	4428	651	14.702	76	0.309	46	0.187	0.595	0.405	1176	740	789	1072	0	0	0	0	0	0	0	0	0	0	0	0	0	651	0
6303_30.fasta	50	309	15450	1774	11.482	132	0.427	104	0.337	0.584	0.416	3129	2407	3276	4864	0	0	0	0	0	0	0	0	0	0	0	0	0	1774	0
6882_30.fasta	38	216	8208	1575	19.189	116	0.537	86	0.398	0.559	0.441	2289	982	1935	1427	0	0	0	0	0	0	0	0	0	0	0	0	0	1575	0
6056_30.fasta	39	449	17511	6460	36.891	246	0.548	180	0.401	0.554	0.446	3067	2094	2816	3074	0	0	0	0	0	0	0	0	0	0	0	0	0	6460	0
5460_30.fasta	27	411	11097	4107	37.01	143	0.348	89	0.217	0.586	0.414	2384	1094	1774	1738	0	0	0	0	0	0	0	0	0	0	0	0	0	4107	0
5357_30.fasta	13	213	2769	163	5.887	83	0.39	44	0.207	0.576	0.424	757	486	614	749	0	0	0	0	0	0	0	0	0	0	0	0	0	163	0
5489_30.fasta	54	646	34884	13078	37.49	351	0.543	224	0.347	0.572	0.428	6620	3420	5920	5846	0	0	0	0	0	0	0	0	0	0	0	0	0	13078	0
6652_30.fasta	57	789	44973	16801	37.358	335	0.425	231	0.293	0.603	0.397	6945	5667	5611	9949	0	0	0	0	0	0	0	0	0	0	0	0	0	16801	0
5264_30.fasta	28	798	22344	11959	53.522	335	0.42	229	0.287	0.561	0.439	3231	1932	2595	2627	0	0	0	0	0	0	0	0	0	0	0	0	0	11959	0
6550_30.fasta	14	255	3570	195	5.462	78	0.306	44	0.173	0.507	0.493	1099	688	979	609	0	0	0	0	0	0	0	0	0	0	0	0	0	195	0
5944_30.fasta	27	341	9207	3833	41.631	186	0.545	127	0.372	0.595	0.405	1786	944	1258	1386	0	0	0	0	0	0	0	0	0	0	0	0	0	3833	0
6947_30.fasta	63	807	50841	12618	24.819	521	0.646	408	0.506	0.575	0.425	10887	6329	9956	11051	0	0	0	0	0	0	0	0	0	0	0	0	0	12618	0
5427_30.fasta	49	639	31311	12051	38.488	380	0.595	223	0.349	0.619	0.381	7323	3018	4299	4620	0	0	0	0	0	0	0	0	0	0	0	0	0	12051	0
5428_30.fasta	7	414	2898	519	17.909	158	0.382	76	0.184	0.512	0.488	695	613	544	527	0	0	0	0	0	0	0	0	0	0	0	0	0	519	0
5913_30.fasta	56	866	48496	14473	29.844	420	0.485	308	0.356	0.563	0.437	9187	7403	7528	9905	0	0	0	0	0	0	0	0	0	0	0	0	0	14473	0
5347_30.fasta	23	72	1656	60	3.623	24	0.333	15	0.208	0.517	0.483	471	306	464	355	0	0	0	0	0	0	0	0	0	0	0	0	0	60	0
5772_30.fasta	27	365	9855	2408	24.434	221	0.605	164	0.449	0.532	0.468	1975	1288	2201	1983	0	0	0	0	0	0	0	0	0	0	0	0	0	2408	0
5348_30.fasta	21	280	5880	1433	24.371	110	0.393	48	0.171	0.61	0.39	1531	814	923	1179	0	0	0	0	0	0	0	0	0	0	0	0	0	1433	0
7273_30.fasta	8	234	1872	651	34.776	54	0.231	24	0.103	0.551	0.449	305	224	322	370	0	0	0	0	0	0	0	0	0	0	0	0	0	651	0
6175_30.fasta	43	183	7869	1064	13.521	99	0.541	66	0.361	0.561	0.439	2078	1059	1920	1748	0	0	0	0	0	0	0	0	0	0	0	0	0	1064	0
6797_30.fasta	49	393	19257	6118	31.77	204	0.519	155	0.394	0.579	0.421	4865	1879	3626	2769	0	0	0	0	0	0	0	0	0	0	0	0	0	6118	0
6977_30.fasta	5	129	645	153	23.721	72	0.558	35	0.271	0.597	0.403	157	79	125	131	0	0	0	0	0	0	0	0	0	0	0	0	0	153	0
5974_30.fasta	29	165	4785	1083	22.633	77	0.467	48	0.291	0.574	0.426	1175	542	1035	950	0	0	0	0	0	0	0	0	0	0	0	0	0	1083	0
6978_30.fasta	44	270	11880	3681	30.985	170	0.63	106	0.393	0.522	0.478	1802	1823	2101	2473	0	0	0	0	0	0	0	0	0	0	0	0	0	3681	0
6527_30.fasta	49	594	29106	9762	33.539	287	0.483	168	0.283	0.574	0.426	6192	3268	4953	4931	0	0	0	0	0	0	0	0	0	0	0	0	0	9762	0
6528_30.fasta	35	291	10185	783	7.688	120	0.412	79	0.271	0.543	0.457	2448	1885	2394	2675	0	0	0	0	0	0	0	0	0	0	0	0	0	783	0
6570_30.fasta	32	483	15456	6291	40.703	162	0.335	93	0.193	0.533	0.467	2312	1830	2468	2555	0	0	0	0	0	0	0	0	0	0	0	0	0	6291	0
7141_30.fasta	13	171	2223	192	8.637	71	0.415	47	0.275	0.53	0.47	517	298	624	592	0	0	0	0	0	0	0	0	0	0	0	0	0	192	0
6968_30.fasta	42	699	29358	12070	41.113	348	0.498	189	0.27	0.53	0.47	3661	3958	4121	5548	0	0	0	0	0	0	0	0	0	0	0	0	0	12070	0
5032_30.fasta	54	885	47790	14221	29.757	522	0.59	300	0.339	0.579	0.421	11576	6001	8078	7914	0	0	0	0	0	0	0	0	0	0	0	0	0	14221	0
6538_30.fasta	39	339	13221	728	5.506	194	0.572	109	0.322	0.565	0.435	3894	2686	2748	3165	0	0	0	0	0	0	0	0	0	0	0	0	0	728	0
5857_30.fasta	45	507	22815	9105	39.908	202	0.398	144	0.284	0.546	0.454	4262	2422	3801	3225	0	0	0	0	0	0	0	0	0	0	0	0	0	9105	0
6854_30.fasta	15	415	6225	3029	48.659	100	0.241	52	0.125	0.603	0.397	984	500	768	944	0	0	0	0	0	0	0	0	0	0	0	0	0	3029	0
6258_30.fasta	19	337	6403	2359	36.842	202	0.599	169	0.501	0.591	0.409	1042	780	845	1377	0	0	0	0	0	0	0	0	0	0	0	0	0	2359	0
5933_30.fasta	29	504	14616	4680	32.02	184	0.365	127	0.252	0.551	0.449	2675	2011	2460	2790	0	0	0	0	0	0	0	0	0	0	0	0	0	4680	0
6531_30.fasta	18	366	6588	1914	29.053	125	0.342	69	0.189	0.586	0.414	1441	767	1158	1308	0	0	0	0	0	0	0	0	0	0	0	0	0	1914	0
5034_30.fasta	14	537	7518	2361	31.405	206	0.384	110	0.205	0.55	0.45	1327	1085	1224	1521	0	0	0	0	0	0	0	0	0	0	0	0	0	2361	0
5339_30.fasta	16	459	7344	2760	37.582	264	0.575	97	0.211	0.575	0.425	1437	801	1128	1218	0	0	0	0	0	0	0	0	0	0	0	0	0	2760	0
5703_30.fasta	36	357	12852	4218	32.82	134	0.375	76	0.213	0.6	0.4	2152	1792	1676	3014	0	0	0	0	0	0	0	0	0	0	0	0	0	4218	0
6961_30.fasta	24	354	8496	2531	29.79	162	0.458	118	0.333	0.571	0.429	1896	980	1584	1505	0	0	0	0	0	0	0	0	0	0	0	0	0	2531	0
7331_30.fasta	44	349	15356	5937	38.662	261	0.748	211	0.605	0.58	0.42	2779	1588	2398	2654	0	0	0	0	0	0	0	0	0	0	0	0	0	5937	0
6384_30.fasta	32	309	9888	3986	40.311	266	0.861	225	0.728	0.532	0.468	1576	1264	1496	1566	0	0	0	0	0	0	0	0	0	0	0	0	0	3986	0
4802_30.fasta	50	483	24150	5849	24.219	306	0.634	192	0.398	0.578	0.422	5742	2552	5125	4882	0	0	0	0	0	0	0	0	0	0	0	0	0	5849	0
6216_30.fasta	35	356	12460	5014	40.241	170	0.478	106	0.298	0.541	0.459	2161	1455	1969	1861	0	0	0	0	0	0	0	0	0	0	0	0	0	5014	0
5841_30.fasta	26	310	8060	3477	43.139	254	0.819	236	0.761	0.542	0.458	1211	1043	1088	1241	0	0	0	0	0	0	0	0	0	0	0	0	0	3477	0
7628_30.fasta	40	285	11400	1002	8.789	147	0.516	106	0.372	0.579	0.421	3368	1683	2697	2650	0	0	0	0	0	0	0	0	0	0	0	0	0	1002	0
5620_30.fasta	55	984	54120	15060	27.827	510	0.518	375	0.381	0.569	0.431	11682	5889	11034	10455	0	0	0	0	0	0	0	0	0	0	0	0	0	15060	0
6412_30.fasta	24	369	8856	2661	30.047	150	0.407	102	0.276	0.526	0.474	1657	1415	1514	1609	0	0	0	0	0	0	0	0	0	0	0	0	0	2661	0
5326_30.fasta	54	1023	55242	13128	23.765	508	0.497	325	0.318	0.544	0.456	11217	7843	11340	11714	0	0	0	0	0	0	0	0	0	0	0	0	0	13128	0
5744_30.fasta	38	264	10032	1332	13.278	130	0.492	92	0.348	0.569	0.431	2520	1605	2169	2406	0	0	0	0	0	0	0	0	0	0	0	0	0	1332	0
5449_30.fasta	56	1131	63336	16991	26.827	570	0.504	397	0.351	0.548	0.452	13555	8711	12339	11740	0	0	0	0	0	0	0	0	0	0	0	0	0	16991	0
5816_30.fasta	47	228	10716	2448	22.844	154	0.675	96	0.421	0.546	0.454	1827	1648	2103	2690	0	0	0	0	0	0	0	0	0	0	0	0	0	2448	0
7572_30.fasta	32	373	11936	5000	41.89	119	0.319	73	0.196	0.505	0.495	1701	1475	1937	1823	0	0	0	0	0	0	0	0	0	0	0	0	0	5000	0
5398_30.fasta	61	1035	63135	19304	30.576	577	0.557	367	0.355	0.596	0.404	13712	8610	9258	12251	0	0	0	0	0	0	0	0	0	0	0	0	0	19304	0
5421_30.fasta	54	619	33426	9469	28.328	369	0.596	224	0.362	0.582	0.418	7012	3420	6563	6962	0	0	0	0	0	0	0	0	0	0	0	0	0	9469	0
5942_30.fasta	50	498	24900	4029	16.181	252	0.506	192	0.386	0.54	0.46	5623	3547	6218	5483	0	0	0	0	0	0	0	0	0	0	0	0	0	4029	0
4893_30.fasta	41	497	20377	6766	33.204	203	0.408	135	0.272	0.594	0.406	4388	2036	3488	3699	0	0	0	0	0	0	0	0	0	0	0	0	0	6766	0
7013_30.fasta	9	282	2538	1014	39.953	34	0.121	9	0.032	0.591	0.409	434	330	298	462	0	0	0	0	0	0	0	0	0	0	0	0	0	1014	0
6226_30.fasta	52	350	18200	5169	28.401	220	0.629	181	0.517	0.562	0.438	3416	1879	3856	3880	0	0	0	0	0	0	0	0	0	0	0	0	0	5169	0
6825_30.fasta	48	217	10416	1314	12.615	98	0.452	66	0.304	0.583	0.417	2816	1149	2643	2494	0	0	0	0	0	0	0	0	0	0	0	0	0	1314	0
6791_30.fasta	14	198	2772	135	4.87	72	0.364	42	0.212	0.578	0.422	689	563	550	835	0	0	0	0	0	0	0	0	0	0	0	0	0	135	0
4796_30.fasta	40	394	15760	7088	44.975	265	0.673	140	0.355	0.546	0.454	2265	1731	2194	2482	0	0	0	0	0	0	0	0	0	0	0	0	0	7088	0
6298_30.fasta	50	303	15150	3192	21.069	125	0.413	78	0.257	0.551	0.449	3286	2632	2744	3296	0	0	0	0	0	0	0	0	0	0	0	0	0	3192	0
5733_30.fasta	12	105	1260	111	8.81	60	0.571	46	0.438	0.574	0.426	268	203	286	392	0	0	0	0	0	0	0	0	0	0	0	0	0	111	0
6432_30.fasta	23	390	8970	3003	33.478	136	0.349	78	0.2	0.549	0.451	1404	1393	1273	1897	0	0	0	0	0	0	0	0	0	0	0	0	0	3003	0
5502_30.fasta	48	602	28896	9974	34.517	268	0.445	184	0.306	0.552	0.448	5515	3724	4703	4980	0	0	0	0	0	0	0	0	0	0	0	0	0	9974	0
5138_30.fasta	25	444	11100	3372	30.378	206	0.464	150	0.338	0.595	0.405	2328	1672	1450	2278	0	0	0	0	0	0	0	0	0	0	0	0	0	3372	0
6559_30.fasta	49	300	14700	969	6.592	140	0.467	100	0.333	0.583	0.417	3912	2377	3363	4079	0	0	0	0	0	0	0	0	0	0	0	0	0	969	0
6483_30.fasta	46	312	14352	4251	29.62	163	0.522	112	0.359	0.564	0.436	2940	1952	2437	2772	0	0	0	0	0	0	0	0	0	0	0	0	0	4251	0
6909_30.fasta	51	450	22950	10975	47.821	186	0.413	147	0.327	0.564	0.436	3309	2266	2944	3456	0	0	0	0	0	0	0	0	0	0	0	0	0	10975	0
6050_30.fasta	44	471	20724	8253	39.823	229	0.486	148	0.314	0.608	0.392	4330	2045	2875	3221	0	0	0	0	0	0	0	0	0	0	0	0	0	8253	0
5469_30.fasta	38	369	14022	4879	34.795	168	0.455	92	0.249	0.561	0.439	2212	1894	2081	2956	0	0	0	0	0	0	0	0	0	0	0	0	0	4879	0
5849_30.fasta	30	195	5850	969	16.564	141	0.723	125	0.641	0.586	0.414	1359	812	1212	1498	0	0	0	0	0	0	0	0	0	0	0	0	0	969	0
6526_30.fasta	9	117	1053	0	0.0	26	0.222	13	0.111	0.614	0.386	405	177	229	242	0	0	0	0	0	0	0	0	0	0	0	0	0	0	0
6979_30.fasta	50	675	33750	5172	15.324	375	0.556	262	0.388	0.578	0.422	9157	4850	7158	7413	0	0	0	0	0	0	0	0	0	0	0	0	0	5172	0
6717_30.fasta	61	1332	81252	18198	22.397	617	0.463	466	0.35	0.507	0.493	16734	10420	20298	15602	0	0	0	0	0	0	0	0	0	0	0	0	0	18198	0
7371_30.fasta	34	216	7344	1044	14.216	101	0.468	67	0.31	0.57	0.43	2055	1159	1541	1545	0	0	0	0	0	0	0	0	0	0	0	0	0	1044	0
5922_30.fasta	50	792	39600	20021	50.558	528	0.667	325	0.41	0.572	0.428	6013	3422	4910	5234	0	0	0	0	0	0	0	0	0	0	0	0	0	20021	0
5699_30.fasta	39	234	9126	3756	41.157	197	0.842	188	0.803	0.588	0.412	1580	1025	1190	1575	0	0	0	0	0	0	0	0	0	0	0	0	0	3756	0
5594_30.fasta	60	648	38880	5172	13.302	308	0.475	242	0.373	0.519	0.481	9179	5529	10642	8358	0	0	0	0	0	0	0	0	0	0	0	0	0	5172	0
5670_30.fasta	23	317	7291	2194	30.092	278	0.877	255	0.804	0.543	0.457	1517	891	1418	1271	0	0	0	0	0	0	0	0	0	0	0	0	0	2194	0
6393_30.fasta	51	207	10557	528	5.001	96	0.464	68	0.329	0.611	0.389	3214	2005	1895	2915	0	0	0	0	0	0	0	0	0	0	0	0	0	528	0
5859_30.fasta	12	497	5964	1692	28.37	203	0.408	121	0.243	0.444	0.556	920	1158	1187	1007	0	0	0	0	0	0	0	0	0	0	0	0	0	1692	0
5406_30.fasta	60	961	57660	15091	26.172	486	0.506	388	0.404	0.572	0.428	11003	7520	10646	13400	0	0	0	0	0	0	0	0	0	0	0	0	0	15091	0
6405_30.fasta	42	435	18270	7611	41.658	234	0.538	177	0.407	0.592	0.408	3369	1928	2394	2968	0	0	0	0	0	0	0	0	0	0	0	0	0	7611	0
7336_30.fasta	48	393	18864	918	4.866	179	0.455	146	0.372	0.479	0.521	4252	3358	5977	4359	0	0	0	0	0	0	0	0	0	0	0	0	0	918	0
7583_30.fasta	29	207	6003	552	9.195	89	0.43	52	0.251	0.549	0.451	1163	867	1588	1833	0	0	0	0	0	0	0	0	0	0	0	0	0	552	0
6068_30.fasta	34	249	8466	966	11.41	108	0.434	65	0.261	0.581	0.419	2718	1768	1395	1619	0	0	0	0	0	0	0	0	0	0	0	0	0	966	0
5366_30.fasta	46	597	27462	11899	43.329	331	0.554	208	0.348	0.54	0.46	4377	2945	4251	3990	0	0	0	0	0	0	0	0	0	0	0	0	0	11899	0
7361_30.fasta	6	273	1638	440	26.862	183	0.67	60	0.22	0.572	0.428	302	237	266	393	0	0	0	0	0	0	0	0	0	0	0	0	0	440	0
5064_30.fasta	4	99	396	0	0.0	11	0.111	3	0.03	0.51	0.49	103	101	93	99	0	0	0	0	0	0	0	0	0	0	0	0	0	0	0
4757_30.fasta	43	417	17931	5399	30.11	211	0.506	123	0.295	0.554	0.446	3589	2254	3271	3418	0	0	0	0	0	0	0	0	0	0	0	0	0	5399	0
6685_30.fasta	42	330	13860	6723	48.506	100	0.303	60	0.182	0.545	0.455	1805	1334	1884	2114	0	0	0	0	0	0	0	0	0	0	0	0	0	6723	0
6383_30.fasta	44	514	22616	11474	50.734	219	0.426	144	0.28	0.601	0.399	3565	1724	2625	3228	0	0	0	0	0	0	0	0	0	0	0	0	0	11474	0
5562_30.fasta	34	168	5712	1985	34.751	93	0.554	48	0.286	0.514	0.486	1075	822	989	841	0	0	0	0	0	0	0	0	0	0	0	0	0	1985	0
5660_30.fasta	46	510	23460	4143	17.66	209	0.41	141	0.276	0.569	0.431	5685	4711	3628	5293	0	0	0	0	0	0	0	0	0	0	0	0	0	4143	0
6738_30.fasta	20	306	6120	2562	41.863	94	0.307	57	0.186	0.505	0.495	1162	690	1043	663	0	0	0	0	0	0	0	0	0	0	0	0	0	2562	0
6883_30.fasta	49	447	21903	5019	22.915	229	0.512	185	0.414	0.549	0.451	4862	3162	4438	4422	0	0	0	0	0	0	0	0	0	0	0	0	0	5019	0
4951_30.fasta	28	459	12852	3171	24.673	191	0.416	144	0.314	0.542	0.458	2547	2556	1886	2692	0	0	0	0	0	0	0	0	0	0	0	0	0	3171	0
6000_30.fasta	42	396	16632	4162	25.024	217	0.548	176	0.444	0.593	0.407	3592	1909	3189	3780	0	0	0	0	0	0	0	0	0	0	0	0	0	4162	0
6506_30.fasta	37	267	9879	2574	26.055	111	0.416	73	0.273	0.54	0.46	1999	1457	1905	1944	0	0	0	0	0	0	0	0	0	0	0	0	0	2574	0
6865_30.fasta	40	177	7080	2265	31.992	154	0.87	113	0.638	0.53	0.47	1463	955	1180	1217	0	0	0	0	0	0	0	0	0	0	0	0	0	2265	0
5866_30.fasta	51	234	11934	3204	26.848	136	0.581	81	0.346	0.574	0.426	2532	1278	2430	2490	0	0	0	0	0	0	0	0	0	0	0	0	0	3204	0
5168_30.fasta	37	303	11211	3554	31.701	130	0.429	86	0.284	0.534	0.466	1833	1299	2289	2236	0	0	0	0	0	0	0	0	0	0	0	0	0	3554	0
6164_30.fasta	25	196	4900	385	7.857	145	0.74	129	0.658	0.507	0.493	1197	1155	1069	1094	0	0	0	0	0	0	0	0	0	0	0	0	0	385	0
6462_30.fasta	50	507	25350	7662	30.225	231	0.456	176	0.347	0.572	0.428	5249	3302	4244	4893	0	0	0	0	0	0	0	0	0	0	0	0	0	7662	0
5426_30.fasta	64	1362	87168	14423	16.546	749	0.55	531	0.39	0.57	0.43	19725	13507	17740	21773	0	0	0	0	0	0	0	0	0	0	0	0	0	14423	0
6893_30.fasta	12	135	1620	6	0.37	40	0.296	25	0.185	0.55	0.45	500	383	343	388	0	0	0	0	0	0	0	0	0	0	0	0	0	6	0
5945_30.fasta	37	588	21756	8886	40.844	244	0.415	146	0.248	0.56	0.44	4071	2415	3237	3147	0	0	0	0	0	0	0	0	0	0	0	0	0	8886	0
7128_30.fasta	38	713	27094	12986	47.929	328	0.46	229	0.321	0.583	0.417	4192	2711	3219	3986	0	0	0	0	0	0	0	0	0	0	0	0	0	12986	0
6221_30.fasta	16	492	7872	2379	30.221	184	0.374	100	0.203	0.563	0.437	1582	1229	1164	1518	0	0	0	0	0	0	0	0	0	0	0	0	0	2379	0
5177_30.fasta	53	600	31800	7161	22.519	341	0.568	242	0.403	0.557	0.443	6492	3850	7110	7187	0	0	0	0	0	0	0	0	0	0	0	0	0	7161	0
5821_30.fasta	33	228	7524	1350	17.943	80	0.351	45	0.197	0.563	0.437	1624	1133	1555	1862	0	0	0	0	0	0	0	0	0	0	0	0	0	1350	0
6494_30.fasta	54	1112	60048	27653	46.051	605	0.544	411	0.37	0.574	0.426	8801	6405	7427	9762	0	0	0	0	0	0	0	0	0	0	0	0	0	27653	0