Name	NumReads	ReadsMapped	PctOnTarget	GenesMapped	GenesWithContigs	GenesWithSeqs	GenesAt25pct	GenesAt50pct	GenesAt75pct	Genesat150pct	ParalogWarnings
Acanthocalyx_nepalensis_ssp_delevaya	854502	316136	0.370	352	319	306	283	219	119	0	30
Lonicera_alpigena	3643	817	0.224	101	4	2	1	0	0	0	0
Vesalea_coriacea	280404	32235	0.115	331	163	151	104	29	6	0	0
Lonicera_xylosteum	186957	41482	0.222	319	231	222	161	63	23	0	1
Zabelia_dielsii	1110105	197219	0.178	352	312	302	283	214	116	0	24
Diabelia_tetrasepala	416006	77342	0.186	347	262	250	220	133	57	0	1
Valeriana_celtica	188734	5342	0.028	293	26	19	15	6	3	0	1
Lonicera_henryi	246600	70754	0.287	334	238	232	177	89	25	0	0
Symphoricarpos_sinensis	765447	89064	0.116	308	63	2	1	0	0	0	0
Dipsacus_fullomum	329976	120803	0.366	318	197	178	133	56	25	0	0
Succisella_inflexa	1129640	428492	0.379	339	243	222	183	85	32	0	2
Lonicera_floribunda	254137	57792	0.227	327	243	226	173	90	31	0	0
Sinadoxa_corydarifolia	166816	13354	0.080	208	38	27	16	3	2	0	0
Sambucus_pubens	146777	18834	0.128	263	61	49	25	11	3	0	0
Viburnum_coriaceum	359544	35959	0.100	327	177	167	117	52	17	0	0
Pterocephalus_canus	1732194	1021658	0.590	344	253	235	184	102	45	0	2
Lonicera_quinquelocuaris	138815	33859	0.244	322	196	187	133	58	21	0	0
Viburnum_acutifolium	2275486	42410	0.019	347	51	38	26	9	3	0	0
Plectritis_congesta	309625	34519	0.111	328	214	202	173	98	48	0	2
Leycesteria_formosa	628809	78857	0.125	343	253	243	180	91	36	0	1
Lomelosia_albocinta	1318400	534342	0.405	340	191	166	112	41	13	0	0
Lonicera_periclymenum	236720	65263	0.276	327	223	215	155	71	24	0	0
Tetradoxa_omeiensis	4033	622	0.154	58	3	3	0	0	0	0	0
Heptacodium_miconioides	515093	120512	0.234	339	259	249	204	100	36	0	0
Lonicera_tatarica	269903	72978	0.270	330	259	248	206	99	35	0	1
Viburnum_plicatum	197698	13933	0.070	323	87	78	57	25	7	0	0
Succisa_pratensis	338840	90287	0.266	324	226	213	171	81	34	0	2
Viburnum_taiwanianum	844219	22505	0.027	342	61	48	31	16	5	0	0
Morina_longifolia	413515	147768	0.357	350	316	305	282	229	150	1	47
Symphoricarpos_occidentalis	264360	66965	0.253	339	249	245	188	88	37	0	1
Lonicera_maackii	296545	83753	0.282	341	257	250	200	108	46	0	0
Sambucus_ebulus	307435	111371	0.362	339	277	270	224	132	48	0	0
Viburnum_rhytidophyllum	307920	26708	0.087	310	146	136	93	32	13	0	0
Valeriana_virescens	1979090	73237	0.037	331	45	11	8	1	1	0	0
Lonicera_pileata	415339	105788	0.255	339	245	234	183	84	34	0	2
Valeriana_microphylla	835073	229859	0.275	347	311	300	293	238	151	0	6
Weigela_florida	299836	73621	0.246	341	272	263	227	131	57	0	4
Paracryphia_alticola	574486	84203	0.147	348	302	296	265	161	77	0	4
Lonicera_caerulea	947974	226212	0.239	347	302	289	248	155	62	0	4
Zabelia_tyaihyoni	306010	68535	0.224	346	229	221	182	102	45	0	8
Viburnum_dentatum	134427	3995	0.030	248	7	5	4	2	1	0	0
Centranthus_ruber	314298	83493	0.266	338	282	275	260	197	107	0	39
Viburnum_lutescens	319924	40594	0.127	333	171	167	124	52	18	0	0
Lonicera_nigra	2872	560	0.195	62	1	0	0	0	0	0	0
Dipelta_floribunda	332273	81436	0.245	347	301	292	270	195	100	0	5
Sambucus_gaudichaudiana	305996	47141	0.154	309	131	117	81	25	11	0	0
Fedia_cornucopiae	206736	36621	0.177	334	212	202	181	123	65	0	18
Valeriana_wallrothii	497757	12573	0.025	317	41	32	22	10	1	0	0
Lonicera_orientalis	422126	111970	0.265	338	277	269	231	116	42	0	0
Sixalix_farinosa	177227	52162	0.294	319	241	233	194	104	45	0	0
Viburnum_jamesonii	203142	42548	0.209	329	196	185	125	53	23	0	0
Triosteum_himalayanum	267946	59346	0.221	334	259	256	218	114	45	0	0
Valeriana_officinalis	264400	5628	0.021	271	15	9	6	4	1	0	0
Patrinia_triloba	644722	175222	0.272	352	320	315	305	241	147	0	2
Valeriana_polemoniifolia	276426	6611	0.024	263	15	4	3	2	1	0	0
Viburnum_ampliflicatum	185359	4635	0.025	274	17	12	7	2	1	0	0
Viburnum_vernicosum	410317	89367	0.218	331	237	225	170	86	33	0	0
Valeriana_lapathifolia	359645	17465	0.049	298	21	13	6	2	1	0	0
Viburnum_lantenoides	275311	9469	0.034	312	50	44	32	7	2	0	0
Sambucus_cerulea	243364	36845	0.151	301	133	110	70	29	11	0	0
Adoxa_moschatellina	1015995	151739	0.149	349	283	267	237	166	78	0	2
Diervilla_sessilifolia	899333	147674	0.164	351	300	290	257	136	62	0	1
Pteracephalodes_hookeri	798041	157884	0.198	348	251	235	197	114	57	0	11
Scabiosa_mansenensis	3283	528	0.161	66	1	0	0	0	0	0	0
Valeriana_laxiflora	427201	12112	0.028	284	28	18	13	3	1	0	0
Triplostegia_grandulifera	552191	172187	0.312	345	307	294	274	196	103	0	1
Abelia_uniflora	710977	135737	0.191	348	201	186	135	55	14	0	0
Valeriana_supina	39155	172	0.004	24	1	0	0	0	0	0	0
Nardostachys_jatamansi	331702	86778	0.262	344	297	291	276	213	113	0	5
Valeriana_pyrennica	190552	4155	0.022	240	34	21	14	4	2	0	0
Lonicera_fragrantissima	88584	20941	0.236	305	176	172	115	47	13	0	0
Linnaea_borealis	342813	71727	0.209	345	283	273	245	170	80	0	4
Ilex_crenata	534377	116377	0.218	350	324	319	296	226	127	0	6
Knautia_macedonica	516566	98360	0.190	334	201	187	139	67	24	0	0
Lonicera_gynochlamydea	377438	98043	0.260	338	263	257	210	106	35	0	1
Valeriana_prinophylla	346703	7033	0.020	281	51	43	29	11	3	0	0
Pterocephalus_sanctus	2325322	1848190	0.795	302	85	57	26	9	4	0	0
Scabiosa_columbaria	4880	480	0.098	75	2	0	0	0	0	0	0
Viburnum_orientale	334579	11838	0.035	317	43	39	21	6	1	0	0
Valerianella_locusta	14740	693	0.047	128	2	1	1	1	0	0	0
Viburnum_cinnamomifolium	173097	42282	0.244	308	148	141	94	36	10	0	0
Viburnum_sieboldii	227508	2685	0.012	221	10	5	4	1	0	0	0
Knautia_dipsacifolia	21564	1508	0.070	182	5	0	0	0	0	0	0
Bassecoia_siamensis	592404	129043	0.218	347	259	244	200	98	42	0	3
Viburnum_clemensiae	70269	1877	0.027	209	6	4	3	0	0	0	0
Cephalaria_gigantea	355907	86161	0.242	334	213	197	148	67	24	0	0
Valeriana_lobata	445096	159600	0.359	342	233	219	194	115	48	1	12
Valeriana_tuberosa	718354	10801	0.015	321	31	16	13	5	1	0	0
Cryptothladia_kokonorica	1785213	602397	0.337	351	339	326	311	256	170	0	52
Viburnum_luzonicum	348259	14419	0.041	321	63	60	43	19	6	0	0
Lonicera_standishii	160794	31568	0.196	315	192	184	139	64	21	0	0
Viburnum_sargentii	239047	5791	0.024	287	16	14	6	2	1	0	0
Lonicera_ferdinandi	319190	81957	0.257	335	242	233	179	81	31	0	1
Kolkwitzia_amabilis	362732	71090	0.196	348	290	283	260	190	91	0	4
Viburnum_rufidulum	867405	199339	0.230	350	306	298	260	172	79	0	13
Viburnum_punctatum	140981	4900	0.035	277	13	10	4	1	0	0	0
