Name	NumReads	ReadsMapped	PctOnTarget	GenesMapped	GenesWithContigs	GenesWithSeqs	GenesAt25pct	GenesAt50pct	GenesAt75pct	Genesat150pct	ParalogWarnings
Succisa_pratensis	341644	99538	0.291	334	236	225	184	102	47	0	14
Viburnum_luzonicum	348367	18577	0.053	330	81	61	43	20	9	0	0
Valeriana_prionophylla	346970	8540	0.025	305	63	41	31	18	4	0	0
Sambucus_cerulea	243912	41436	0.170	309	141	111	80	38	11	0	1
Lonicera_henryi	248266	76432	0.308	334	246	232	189	105	39	0	2
Viburnum_plicatum	198292	16675	0.084	329	104	73	56	30	6	0	3
Centranthus_ruber	321136	103081	0.321	344	295	282	241	187	106	0	89
Lonicera_xylosteum	188212	46030	0.245	322	235	217	174	79	30	0	6
Lonicera_tatarica	271973	80477	0.296	332	263	247	215	117	45	0	5
Symphoricarpos_occidentalis	266169	73838	0.277	340	259	245	209	113	44	1	6
Lonicera_nigra	2877	608	0.211	70	4	0	0	0	0	0	0
Viburnum_rufidulum	872384	221104	0.253	350	310	298	238	138	72	0	44
Sambucus_gaudichaudiana	306391	52080	0.170	315	144	120	94	31	9	0	0
Valeriana_virescens	1979803	82072	0.041	335	75	8	6	1	1	0	0
Dipsacus_fullonum	332445	128683	0.387	319	215	188	149	74	33	0	6
Succisella_inflexa	1134516	450408	0.397	339	254	233	199	115	43	0	9
Lonicera_fragrantissima	89095	23258	0.261	310	191	170	127	57	19	0	0
Sambucus_ebulus	310329	122149	0.394	342	283	263	224	146	61	0	9
Lonicera_pileata	416863	114211	0.274	339	248	233	189	100	38	0	6
Viburnum_dentatum	134453	5354	0.040	257	21	4	3	2	1	0	0
Linnaea_borealis	346181	83688	0.242	348	296	281	262	213	124	0	7
Viburnum_clemensiae	70306	2497	0.036	223	18	3	1	0	0	0	0
Scabiosa_columbaria	4900	525	0.107	83	5	1	0	0	0	0	0
Adoxa_moschatellina	1020114	169532	0.166	349	296	280	242	172	99	0	23
Patrinia_triloba	657047	205912	0.313	352	326	322	316	273	203	0	10
Cephalaria_gigantea	357714	95060	0.266	340	225	209	172	96	37	0	7
Plectritis_congesta	311198	41283	0.133	335	230	215	179	122	62	0	14
Paracryphia_alticola	575711	96075	0.167	348	304	290	263	170	87	0	22
Fedia_cornucopiae	209393	44491	0.212	339	223	214	193	136	82	0	43
Lonicera_periclymenum	238338	70848	0.297	331	235	213	169	87	35	1	7
Sambucus_pubens	147079	21299	0.145	273	82	51	32	14	3	0	1
Sinadoxa_corydalifolia	166934	14706	0.088	226	38	24	15	4	1	0	0
Viburnum_lantanoides	275380	11955	0.043	320	60	41	33	11	4	0	0
Viburnum_sieboldii	227523	3519	0.015	232	21	4	2	0	0	0	0
Scabiosa_mansenensis	3288	572	0.174	70	3	0	0	0	0	0	0
Pterocephalodes_hookeri	802108	174920	0.218	349	270	246	202	125	63	0	35
Viburnum_acutifolium	2275725	55207	0.024	348	63	38	29	11	4	0	0
Valeriana_lapathifolia	359934	19421	0.054	312	45	18	13	3	2	0	0
Triplostegia_glandulifera	561345	196834	0.351	346	312	298	288	227	151	0	6
Lonicera_quinquelocularis	139874	37263	0.266	324	200	185	144	73	31	0	0
Viburnum_jamesonii	203484	46506	0.229	330	200	180	128	63	22	0	8
Lomelosia_albocincta	1319741	564140	0.427	345	215	185	144	58	20	0	2
Bassecoia_siamensis	594894	142702	0.240	347	271	257	228	131	64	0	14
Valeriana_officinalis	264472	7091	0.027	286	39	13	11	5	1	0	0
Dipelta_floribunda	336881	95348	0.283	347	308	299	275	214	115	0	9
Viburnum_cinnamomifolium	173580	45399	0.262	311	156	137	101	49	12	0	0
Valeriana_supina	39172	214	0.005	29	1	0	0	0	0	0	0
Viburnum_coriaceum	360060	39654	0.110	330	187	165	124	59	22	0	1
Diabelia_tetrasepala	418484	89129	0.213	347	274	257	233	158	76	0	5
Morina_longifolia	425473	177154	0.416	350	321	307	276	215	141	0	112
Heptacodium_miconioides	517010	131359	0.254	342	262	248	224	131	49	0	2
Knautia_macedonica	518241	107031	0.207	338	217	196	159	83	39	0	7
Kolkwitzia_amabilis	366086	83242	0.227	349	290	281	260	195	105	0	9
Lonicera_maackii	298646	91672	0.307	344	262	247	215	118	48	0	6
Acanthocalyx_nepalensis	873917	368322	0.421	352	325	308	286	230	156	0	108
Leycesteria_formosa	630418	88432	0.140	343	264	244	200	107	43	0	3
Sixalix_farinosa	179855	60500	0.336	327	253	239	204	128	61	0	10
Viburnum_lutescens	320279	43744	0.137	335	178	163	138	62	25	1	0
Lonicera_alpigena	3668	890	0.243	107	7	1	1	0	0	0	0
Lonicera_caerulea	952469	248767	0.261	349	309	292	249	180	97	0	27
Vesalea_coriacea	281085	38763	0.138	336	172	154	118	48	13	0	0
Lonicera_floribunda	255722	63228	0.247	331	245	228	186	101	40	0	5
Lonicera_ferdinandi	320610	88924	0.277	337	249	232	198	101	36	0	7
Valeriana_pyrenaica	190657	4816	0.025	259	43	20	14	5	1	0	0
Symphoricarpos_sinensis	765482	101392	0.132	317	66	4	2	0	0	0	0
Abelia_uniflora	711770	149705	0.210	349	219	203	172	83	28	0	1
Viburnum_amplificatum	185390	6323	0.034	286	28	9	7	2	0	0	0
Viburnum_rhytidophyllum	308248	30538	0.099	315	149	132	101	38	11	0	0
Zabelia_tyaihyoni	309363	79492	0.257	347	245	232	201	134	70	0	22
Lonicera_standishii	161702	35055	0.217	318	205	182	153	74	27	0	1
Valerianella_locusta	14777	900	0.061	143	4	0	0	0	0	0	0
Valeriana_microphylla	851715	278220	0.327	349	319	315	302	240	171	0	12
Pterocephalus_canus	1743321	1056576	0.606	346	268	240	202	124	54	0	8
Weigela_florida	301716	81695	0.271	342	277	264	234	133	58	0	8
Viburnum_orientale	334749	14772	0.044	320	63	41	27	8	2	0	0
Ilex_crenata	537310	130159	0.242	351	329	324	313	258	170	1	18
Zabelia_dielsii	1115980	224262	0.201	352	318	301	258	211	143	0	86
Pterocephalus_sanctus	2343643	1878641	0.802	307	88	59	37	12	4	0	0
Valeriana_laxiflora	427311	14680	0.034	304	52	16	14	4	1	0	0
Valeriana_tuberosa	718467	14071	0.020	329	65	18	17	6	2	0	0
Triosteum_himalayanum	270184	65180	0.241	336	264	256	218	126	58	0	6
Valeriana_celtica	189005	6821	0.036	309	48	27	20	8	3	0	1
Tetradoxa_omeiensis	4007	625	0.156	57	12	6	3	0	0	0	0
Diervilla_sessilifolia	902289	163732	0.181	351	305	290	272	178	92	0	14
Lonicera_orientalis	424395	122952	0.290	339	284	268	235	128	49	0	4
Nardostachys_jatamansi	340440	106922	0.314	347	308	301	289	230	151	0	11
Valeriana_lobata	448114	170222	0.380	343	250	229	188	125	60	0	31
Viburnum_punctatum	141029	6314	0.045	284	25	9	7	0	0	0	0
Viburnum_sargentii	239084	7804	0.033	294	33	11	6	2	1	0	0
Lonicera_gynochlamydea	379319	107086	0.282	340	277	256	219	125	51	0	5
Viburnum_taiwanianum	844399	30125	0.036	345	89	50	37	22	6	0	0
Viburnum_vernicosum	411571	97321	0.236	332	239	225	194	116	52	0	2
Valeriana_wallrothii	497974	16006	0.032	328	70	40	32	10	5	0	0
Valeriana_polemonifolia	276495	7809	0.028	283	27	7	6	3	1	0	0
Knautia_dipsacifolia	21641	1788	0.083	196	14	1	1	0	0	0	0
Cryptothladia_kokonorica	1812010	689984	0.381	351	344	326	266	203	136	0	134
